#&a / °	I1 / %
3.039	9.6
3.036	9.6
3.033	9.6
3.030	9.5
3.027	9.5
3.025	9.5
3.022	9.5
3.019	9.5
3.016	9.5
3.013	9.5
3.010	9.5
3.007	9.5
3.004	9.5
3.001	9.5
2.998	9.5
2.995	9.5
2.992	9.5
2.989	9.5
2.986	9.5
2.983	9.5
2.980	9.5
2.977	9.5
2.974	9.5
2.971	9.5
2.968	9.5
2.965	9.5
2.962	9.4
2.959	9.4
2.956	9.4
2.953	9.4
2.950	9.5
2.947	9.5
2.945	9.5
2.942	9.5
2.939	9.5
2.936	9.5
2.933	9.5
2.930	9.5
2.927	9.5
2.924	9.5
2.921	9.5
2.918	9.5
2.915	9.5
2.912	9.5
2.909	9.5
2.906	9.5
2.903	9.5
2.900	9.5
2.897	9.5
2.894	9.5
2.891	9.5
2.888	9.5
2.885	9.5
2.882	9.5
2.879	9.5
2.876	9.5
2.873	9.5
2.870	9.5
2.867	9.5
2.865	9.5
2.862	9.5
2.859	9.5
2.856	9.5
2.853	9.5
2.850	9.5
2.847	9.5
2.844	9.5
2.841	9.5
2.838	9.5
2.835	9.5
2.832	9.5
2.829	9.5
2.826	9.5
2.823	9.5
2.820	9.5
2.817	9.5
2.814	9.5
2.811	9.5
2.808	9.5
2.805	9.5
2.802	9.5
2.799	9.5
2.796	9.5
2.793	9.5
2.790	9.5
2.787	9.5
2.785	9.5
2.782	9.5
2.779	9.5
2.776	9.5
2.773	9.5
2.770	9.5
2.767	9.5
2.764	9.5
2.761	9.5
2.758	9.5
2.755	9.5
2.752	9.5
2.749	9.5
2.746	9.5
2.743	9.5
2.740	9.5
2.737	9.5
2.734	9.5
2.731	9.5
2.728	9.6
2.725	9.5
2.722	9.5
2.719	9.6
2.716	9.6
2.713	9.6
2.710	9.6
2.707	9.6
2.704	9.6
2.702	9.6
2.699	9.6
2.696	9.6
2.693	9.6
2.690	9.6
2.687	9.6
2.684	9.6
2.681	9.6
2.678	9.6
2.675	9.6
2.672	9.6
2.669	9.6
2.666	9.6
2.663	9.6
2.660	9.6
2.657	9.6
2.654	9.6
2.651	9.6
2.648	9.6
2.645	9.6
2.642	9.6
2.639	9.6
2.636	9.6
2.633	9.6
2.630	9.6
2.627	9.6
2.624	9.6
2.621	9.6
2.619	9.6
2.616	9.6
2.613	9.6
2.610	9.6
2.607	9.6
2.604	9.6
2.601	9.6
2.598	9.6
2.595	9.6
2.592	9.6
2.589	9.6
2.586	9.6
2.583	9.6
2.580	9.6
2.577	9.6
2.574	9.6
2.571	9.6
2.568	9.7
2.565	9.7
2.562	9.7
2.559	9.7
2.556	9.7
2.553	9.7
2.550	9.7
2.547	9.7
2.544	9.7
2.541	9.7
2.538	9.7
2.535	9.7
2.533	9.7
2.530	9.7
2.527	9.7
2.524	9.7
2.521	9.7
2.518	9.7
2.515	9.7
2.512	9.7
2.509	9.7
2.506	9.7
2.503	9.7
2.500	9.7
2.497	9.7
2.494	9.7
2.491	9.7
2.488	9.7
2.485	9.7
2.482	9.7
2.479	9.7
2.476	9.7
2.473	9.7
2.470	9.7
2.467	9.7
2.464	9.7
2.461	9.7
2.458	9.7
2.455	9.7
2.452	9.8
2.449	9.8
2.447	9.8
2.444	9.8
2.441	9.8
2.438	9.8
2.435	9.8
2.432	9.8
2.429	9.8
2.426	9.8
2.423	9.8
2.420	9.8
2.417	9.8
2.414	9.8
2.411	9.8
2.408	9.8
2.405	9.8
2.402	9.8
2.399	9.8
2.396	9.8
2.393	9.8
2.390	9.8
2.387	9.8
2.384	9.8
2.381	9.9
2.378	9.9
2.375	9.9
2.372	9.9
2.369	9.9
2.366	9.9
2.363	9.9
2.361	9.9
2.358	9.9
2.355	9.9
2.352	9.9
2.349	9.9
2.346	9.9
2.343	9.9
2.340	9.9
2.337	9.9
2.334	9.9
2.331	9.9
2.328	9.9
2.325	9.9
2.322	9.9
2.319	9.9
2.316	9.9
2.313	9.9
2.310	9.9
2.307	9.9
2.304	10.0
2.301	9.9
2.298	9.9
2.295	10.0
2.292	10.0
2.289	10.0
2.286	9.9
2.283	10.0
2.280	9.9
2.277	9.9
2.275	10.0
2.272	10.0
2.269	10.0
2.266	10.0
2.263	10.0
2.260	10.0
2.257	10.0
2.254	10.0
2.251	10.0
2.248	10.0
2.245	10.0
2.242	10.0
2.239	10.0
2.236	10.0
2.233	10.0
2.230	10.0
2.227	10.0
2.224	10.0
2.221	10.0
2.218	10.0
2.215	10.0
2.212	10.1
2.209	10.1
2.206	10.1
2.203	10.1
2.200	10.1
2.197	10.0
2.194	10.0
2.191	10.1
2.188	10.1
2.186	10.0
2.183	10.0
2.180	10.1
2.177	10.1
2.174	10.1
2.171	10.1
2.168	10.1
2.165	10.1
2.162	10.1
2.159	10.1
2.156	10.0
2.153	10.1
2.150	10.1
2.147	10.1
2.144	10.1
2.141	10.1
2.138	10.1
2.135	10.1
2.132	10.1
2.129	10.1
2.126	10.1
2.123	10.1
2.120	10.1
2.117	10.1
2.114	10.1
2.111	10.1
2.108	10.1
2.105	10.1
2.102	10.1
2.099	10.1
2.097	10.1
2.094	10.1
2.091	10.1
2.088	10.1
2.085	10.1
2.082	10.1
2.079	10.1
2.076	10.1
2.073	10.1
2.070	10.1
2.067	10.1
2.064	10.1
2.061	10.2
2.058	10.1
2.055	10.1
2.052	10.1
2.049	10.1
2.046	10.1
2.043	10.1
2.040	10.1
2.037	10.1
2.034	10.1
2.031	10.1
2.028	10.1
2.025	10.1
2.022	10.1
2.019	10.1
2.016	10.2
2.013	10.1
2.010	10.2
2.008	10.1
2.005	10.1
2.002	10.1
1.999	10.1
1.996	10.1
1.993	10.1
1.990	10.1
1.987	10.1
1.984	10.1
1.981	10.2
1.978	10.2
1.975	10.2
1.972	10.2
1.969	10.2
1.966	10.1
1.963	10.1
1.960	10.2
1.957	10.2
1.954	10.2
1.951	10.2
1.948	10.2
1.945	10.1
1.942	10.1
1.939	10.2
1.936	10.2
1.933	10.2
1.930	10.2
1.927	10.3
1.924	10.3
1.921	10.3
1.918	10.4
1.916	10.4
1.913	10.4
1.910	10.4
1.907	10.4
1.904	10.4
1.901	10.4
1.898	10.4
1.895	10.4
1.892	10.5
1.889	10.5
1.886	10.5
1.883	10.5
1.880	10.5
1.877	10.5
1.874	10.5
1.871	10.5
1.868	10.4
1.865	10.4
1.862	10.4
1.859	10.4
1.856	10.4
1.853	10.4
1.850	10.4
1.847	10.3
1.844	10.4
1.841	10.3
1.838	10.3
1.835	10.3
1.832	10.3
1.829	10.3
1.826	10.3
1.824	10.3
1.821	10.3
1.818	10.3
1.815	10.3
1.812	10.3
1.809	10.3
1.806	10.3
1.803	10.3
1.800	10.3
1.797	10.3
1.794	10.3
1.791	10.3
1.788	10.3
1.785	10.4
1.782	10.3
1.779	10.3
1.776	10.3
1.773	10.3
1.770	10.3
1.767	10.4
1.764	10.4
1.761	10.4
1.758	10.4
1.755	10.4
1.752	10.4
1.749	10.4
1.746	10.4
1.743	10.4
1.740	10.4
1.737	10.4
1.734	10.4
1.732	10.4
1.729	10.4
1.726	10.4
1.723	10.4
1.720	10.4
1.717	10.4
1.714	10.4
1.711	10.4
1.708	10.4
1.705	10.4
1.702	10.4
1.699	10.4
1.696	10.4
1.693	10.4
1.690	10.4
1.687	10.4
1.684	10.5
1.681	10.4
1.678	10.4
1.675	10.4
1.672	10.4
1.669	10.4
1.666	10.4
1.663	10.5
1.660	10.5
1.657	10.5
1.654	10.5
1.651	10.5
1.648	10.5
1.645	10.5
1.642	10.5
1.639	10.5
1.637	10.5
1.634	10.5
1.631	10.5
1.628	10.5
1.625	10.5
1.622	10.5
1.619	10.5
1.616	10.5
1.613	10.5
1.610	10.5
1.607	10.5
1.604	10.5
1.601	10.5
1.598	10.5
1.595	10.5
1.592	10.5
1.589	10.5
1.586	10.5
1.583	10.5
1.580	10.5
1.577	10.5
1.574	10.5
1.571	10.5
1.568	10.5
1.565	10.5
1.562	10.5
1.559	10.5
1.556	10.5
1.553	10.5
1.550	10.5
1.547	10.5
1.544	10.5
1.542	10.5
1.539	10.5
1.536	10.5
1.533	10.5
1.530	10.5
1.527	10.5
1.524	10.5
1.521	10.6
1.518	10.6
1.515	10.6
1.512	10.6
1.509	10.6
1.506	10.6
1.503	10.6
1.500	10.6
1.497	10.6
1.494	10.6
1.491	10.5
1.488	10.5
1.485	10.5
1.482	10.6
1.479	10.6
1.476	10.6
1.473	10.6
1.470	10.6
1.467	10.6
1.464	10.6
1.461	10.6
1.458	10.6
1.455	10.6
1.452	10.6
1.449	10.6
1.447	10.6
1.444	10.6
1.441	10.6
1.438	10.6
1.435	10.6
1.432	10.6
1.429	10.6
1.426	10.7
1.423	10.7
1.420	10.7
1.417	10.6
1.414	10.6
1.411	10.7
1.408	10.6
1.405	10.6
1.402	10.7
1.399	10.7
1.396	10.7
1.393	10.7
1.390	10.7
1.387	10.7
1.384	10.7
1.381	10.7
1.378	10.7
1.375	10.7
1.372	10.7
1.369	10.7
1.366	10.7
1.363	10.7
1.360	10.7
1.357	10.7
1.354	10.7
1.352	10.7
1.349	10.7
1.346	10.7
1.343	10.7
1.340	10.7
1.337	10.7
1.334	10.7
1.331	10.7
1.328	10.7
1.325	10.7
1.322	10.7
1.319	10.7
1.316	10.7
1.313	10.7
1.310	10.7
1.307	10.6
1.304	10.6
1.301	10.6
1.298	10.6
1.295	10.6
1.292	10.6
1.289	10.6
1.286	10.6
1.283	10.6
1.280	10.6
1.277	10.6
1.274	10.6
1.271	10.6
1.268	10.6
1.265	10.6
1.262	10.6
1.259	10.6
1.256	10.6
1.254	10.6
1.251	10.6
1.248	10.7
1.245	10.7
1.242	10.7
1.239	10.6
1.236	10.6
1.233	10.6
1.230	10.6
1.227	10.7
1.224	10.6
1.221	10.6
1.218	10.6
1.215	10.6
1.212	10.6
1.209	10.7
1.206	10.7
1.203	10.7
1.200	10.7
1.197	10.7
1.194	10.7
1.191	10.7
1.188	10.7
1.185	10.7
1.182	10.7
1.179	10.7
1.176	10.7
1.173	10.7
1.170	10.7
1.167	10.7
1.164	10.7
1.161	10.7
1.158	10.7
1.156	10.7
1.153	10.7
1.150	10.7
1.147	10.7
1.144	10.7
1.141	10.7
1.138	10.7
1.135	10.7
1.132	10.7
1.129	10.7
1.126	10.8
1.123	10.8
1.120	10.8
1.117	10.8
1.114	10.8
1.111	10.8
1.108	10.8
1.105	10.8
1.102	10.8
1.099	10.8
1.096	10.8
1.093	10.8
1.090	10.8
1.087	10.8
1.084	10.8
1.081	10.8
1.078	10.8
1.075	10.8
1.072	10.8
1.069	10.8
1.066	10.8
1.063	10.8
1.060	10.8
1.058	10.8
1.055	10.8
1.052	10.8
1.049	10.8
1.046	10.8
1.043	10.8
1.040	10.8
1.037	10.8
1.034	10.8
1.031	10.8
1.028	10.8
1.025	10.8
1.022	10.8
1.019	10.9
1.016	10.8
1.013	10.8
1.010	10.8
1.007	10.8
1.004	10.8
1.001	10.9
0.998	10.9
0.995	10.9
0.992	10.9
0.989	10.9
0.986	10.9
0.983	10.9
0.980	10.9
0.977	10.9
0.974	10.9
0.971	10.9
0.968	10.9
0.965	10.9
0.962	10.9
0.960	10.9
0.957	10.9
0.954	10.9
0.951	10.9
0.948	10.9
0.945	10.9
0.942	10.9
0.939	10.9
0.936	10.9
0.933	10.9
0.930	10.9
0.927	10.9
0.924	10.9
0.921	10.9
0.918	10.9
0.915	10.9
0.912	10.9
0.909	10.9
0.906	10.9
0.903	10.9
0.900	10.9
0.897	10.9
0.894	10.9
0.891	10.9
0.888	10.9
0.885	10.9
0.882	10.9
0.879	10.9
0.876	10.9
0.873	10.9
0.870	10.9
0.867	10.9
0.864	10.9
0.861	10.9
0.859	10.9
0.856	10.9
0.853	10.9
0.850	11.0
0.847	11.0
0.844	11.0
0.841	11.0
0.838	11.0
0.835	11.0
0.832	11.0
0.829	11.0
0.826	11.0
0.823	11.0
0.820	11.0
0.817	11.0
0.814	11.0
0.811	11.0
0.808	11.0
0.805	11.0
0.802	11.0
0.799	11.0
0.796	11.0
0.793	11.0
0.790	11.0
0.787	11.0
0.784	11.0
0.781	11.0
0.778	11.0
0.775	11.0
0.772	11.0
0.769	11.1
0.766	11.1
0.763	11.1
0.761	11.1
0.758	11.1
0.755	11.1
0.752	11.1
0.749	11.1
0.746	11.1
0.743	11.1
0.740	11.1
0.737	11.1
0.734	11.1
0.731	11.1
0.728	11.1
0.725	11.1
0.722	11.1
0.719	11.1
0.716	11.1
0.713	11.1
0.710	11.1
0.707	11.1
0.704	11.1
0.701	11.1
0.698	11.1
0.695	11.1
0.692	11.1
0.689	11.1
0.686	11.1
0.683	11.1
0.680	11.1
0.677	11.1
0.674	11.1
0.671	11.1
0.668	11.1
0.665	11.1
0.662	11.1
0.660	11.1
0.657	11.1
0.654	11.1
0.651	11.1
0.648	11.1
0.645	11.1
0.642	11.1
0.639	11.1
0.636	11.1
0.633	11.1
0.630	11.1
0.627	11.1
0.624	11.1
0.621	11.1
0.618	11.1
0.615	11.1
0.612	11.1
0.609	11.1
0.606	11.1
0.603	11.1
0.600	11.1
0.597	11.1
0.594	11.1
0.591	11.1
0.588	11.1
0.585	11.1
0.582	11.1
0.579	11.1
0.576	11.1
0.573	11.1
0.570	11.1
0.567	11.1
0.564	11.1
0.561	11.1
0.559	11.1
0.556	11.1
0.553	11.1
0.550	11.1
0.547	11.2
0.544	11.2
0.541	11.2
0.538	11.2
0.535	11.2
0.532	11.2
0.529	11.2
0.526	11.2
0.523	11.2
0.520	11.2
0.517	11.2
0.514	11.2
0.511	11.2
0.508	11.2
0.505	11.2
0.502	11.2
0.499	11.2
0.496	11.2
0.493	11.2
0.490	11.2
0.487	11.2
0.484	11.2
0.481	11.2
0.478	11.2
0.475	11.2
0.472	11.3
0.469	11.3
0.466	11.3
0.463	11.3
0.460	11.3
0.458	11.2
0.455	11.2
0.452	11.3
0.449	11.3
0.446	11.3
0.443	11.3
0.440	11.3
0.437	11.3
0.434	11.3
0.431	11.3
0.428	11.3
0.425	11.3
0.422	11.3
0.419	11.3
0.416	11.3
0.413	11.3
0.410	11.3
0.407	11.3
0.404	11.3
0.401	11.3
0.398	11.3
0.395	11.3
0.392	11.3
0.389	11.3
0.386	11.3
0.383	11.3
0.380	11.3
0.377	11.3
0.374	11.3
0.371	11.3
0.368	11.3
0.365	11.3
0.362	11.3
0.359	11.3
0.357	11.3
0.354	11.3
0.351	11.3
0.348	11.3
0.345	11.3
0.342	11.3
0.339	11.3
0.336	11.3
0.333	11.3
0.330	11.2
0.327	11.3
0.324	11.3
0.321	11.3
0.318	11.3
0.315	11.3
0.312	11.3
0.309	11.3
0.306	11.3
0.303	11.3
0.300	11.3
0.297	11.3
0.294	11.3
0.291	11.3
0.288	11.3
0.285	11.3
0.282	11.3
0.279	11.3
0.276	11.3
0.273	11.3
0.270	11.3
0.267	11.3
0.264	11.3
0.261	11.3
0.258	11.3
0.255	11.3
0.253	11.3
0.250	11.3
0.247	11.3
0.244	11.3
0.241	11.3
0.238	11.3
0.235	11.3
0.232	11.3
0.229	11.3
0.226	11.3
0.223	11.3
0.220	11.3
0.217	11.3
0.214	11.3
0.211	11.3
0.208	11.3
0.205	11.3
0.202	11.3
0.199	11.3
0.196	11.3
0.193	11.4
0.190	11.4
0.187	11.4
0.184	11.3
0.181	11.3
0.178	11.4
0.175	11.4
0.172	11.4
0.169	11.4
0.166	11.5
0.163	11.5
0.160	11.5
0.157	11.5
0.154	11.5
0.152	11.5
0.149	11.5
0.146	11.5
0.143	11.5
0.140	11.5
0.137	11.5
0.134	11.6
0.131	11.6
0.128	11.6
0.125	11.6
0.122	11.6
0.119	11.6
0.116	11.7
0.113	11.7
0.110	11.7
0.107	11.7
0.104	11.7
0.101	11.8
0.098	11.8
0.095	11.8
0.092	11.9
0.089	11.9
0.086	11.9
0.083	11.9
0.080	12.0
0.077	12.0
0.074	12.1
0.071	12.3
0.068	12.4
0.065	12.5
0.062	12.6
0.059	12.7
0.056	12.9
0.053	13.1
0.051	13.4
0.048	13.4
0.045	13.8
0.042	14.3
0.039	15.5
0.036	19.7
0.033	35.4
0.030	60.9
0.027	75.4
0.024	81.7
0.021	71.1
0.018	50.2
0.015	35.2
0.012	27.5
0.009	24.9
0.006	28.2
0.003	50.3
0.000	82.4
-0.003	87.7
-0.006	90.5
-0.009	93.8
-0.012	95.3
-0.015	77.6
-0.018	53.8
-0.021	38.2
-0.024	29.1
-0.027	23.7
-0.030	20.3
-0.033	18.0
-0.036	16.5
-0.039	15.5
-0.042	14.8
-0.045	14.2
-0.048	13.8
-0.051	13.6
-0.053	13.5
-0.056	13.4
-0.059	13.2
-0.062	13.1
-0.065	13.0
-0.068	12.9
-0.071	12.8
-0.074	12.7
-0.077	12.6
-0.080	12.5
-0.083	12.5
-0.086	12.4
-0.089	12.3
-0.092	12.3
-0.095	12.2
-0.098	12.2
-0.101	12.2
-0.104	12.1
-0.107	12.1
-0.110	12.0
-0.113	12.0
-0.116	12.0
-0.119	11.9
-0.122	11.9
-0.125	11.9
-0.128	11.9
-0.131	11.9
-0.134	11.8
-0.137	11.8
-0.140	11.7
-0.143	11.7
-0.146	11.8
-0.149	11.8
-0.152	11.8
-0.154	11.7
-0.157	11.7
-0.160	11.7
-0.163	11.7
-0.166	11.7
-0.169	11.7
-0.172	11.7
-0.175	11.7
-0.178	11.7
-0.181	11.7
-0.184	11.6
-0.187	11.6
-0.190	11.6
-0.193	11.6
-0.196	11.6
-0.199	11.6
-0.202	11.6
-0.205	11.6
-0.208	11.6
-0.211	11.6
-0.214	11.6
-0.217	11.6
-0.220	11.6
-0.223	11.7
-0.226	11.6
-0.229	11.6
-0.232	11.6
-0.235	11.7
-0.238	11.6
-0.241	11.6
-0.244	11.6
-0.247	11.6
-0.250	11.6
-0.253	11.7
-0.255	11.6
-0.258	11.6
-0.261	11.6
-0.264	11.6
-0.267	11.6
-0.270	11.6
-0.273	11.6
-0.276	11.6
-0.279	11.6
-0.282	11.6
-0.285	11.6
-0.288	11.6
-0.291	11.6
-0.294	11.6
-0.297	11.6
-0.300	11.6
-0.303	11.6
-0.306	11.6
-0.309	11.6
-0.312	11.6
-0.315	11.6
-0.318	11.6
-0.321	11.6
-0.324	11.6
-0.327	11.6
-0.330	11.6
-0.333	11.6
-0.336	11.6
-0.339	11.6
-0.342	11.6
-0.345	11.6
-0.348	11.6
-0.351	11.6
-0.354	11.5
-0.357	11.6
-0.359	11.6
-0.362	11.6
-0.365	11.6
-0.368	11.6
-0.371	11.6
-0.374	11.6
-0.377	11.6
-0.380	11.6
-0.383	11.6
-0.386	11.6
-0.389	11.6
-0.392	11.6
-0.395	11.6
-0.398	11.6
-0.401	11.6
-0.404	11.6
-0.407	11.6
-0.410	11.6
-0.413	11.6
-0.416	11.6
-0.419	11.6
-0.422	11.6
-0.425	11.6
-0.428	11.5
-0.431	11.5
-0.434	11.5
-0.437	11.5
-0.440	11.5
-0.443	11.5
-0.446	11.5
-0.449	11.5
-0.452	11.5
-0.455	11.6
-0.458	11.5
-0.460	11.5
-0.463	11.5
-0.466	11.5
-0.469	11.5
-0.472	11.5
-0.475	11.5
-0.478	11.5
-0.481	11.5
-0.484	11.6
-0.487	11.6
-0.490	11.6
-0.493	11.6
-0.496	11.6
-0.499	11.6
-0.502	11.6
-0.505	11.6
-0.508	11.6
-0.511	11.6
-0.514	11.6
-0.517	11.6
-0.520	11.6
-0.523	11.6
-0.526	11.6
-0.529	11.6
-0.532	11.6
-0.535	11.6
-0.538	11.6
-0.541	11.6
-0.544	11.6
-0.547	11.6
-0.550	11.6
-0.553	11.7
-0.556	11.6
-0.559	11.6
-0.561	11.6
-0.564	11.6
-0.567	11.6
-0.570	11.6
-0.573	11.7
-0.576	11.6
-0.579	11.6
-0.582	11.6
-0.585	11.6
-0.588	11.6
-0.591	11.6
-0.594	11.6
-0.597	11.6
-0.600	11.6
-0.603	11.6
-0.606	11.6
-0.609	11.7
-0.612	11.7
-0.615	11.7
-0.618	11.6
-0.621	11.6
-0.624	11.6
-0.627	11.6
-0.630	11.6
-0.633	11.6
-0.636	11.6
-0.639	11.6
-0.642	11.6
-0.645	11.6
-0.648	11.6
-0.651	11.6
-0.654	11.6
-0.657	11.7
-0.660	11.7
-0.662	11.6
-0.665	11.6
-0.668	11.6
-0.671	11.6
-0.674	11.6
-0.677	11.6
-0.680	11.6
-0.683	11.6
-0.686	11.7
-0.689	11.6
-0.692	11.6
-0.695	11.6
-0.698	11.7
-0.701	11.6
-0.704	11.6
-0.707	11.6
-0.710	11.7
-0.713	11.7
-0.716	11.7
-0.719	11.7
-0.722	11.7
-0.725	11.6
-0.728	11.6
-0.731	11.6
-0.734	11.6
-0.737	11.6
-0.740	11.7
-0.743	11.7
-0.746	11.6
-0.749	11.6
-0.752	11.7
-0.755	11.7
-0.758	11.6
-0.761	11.6
-0.763	11.7
-0.766	11.7
-0.769	11.7
-0.772	11.7
-0.775	11.6
-0.778	11.6
-0.781	11.7
-0.784	11.6
-0.787	11.6
-0.790	11.6
-0.793	11.7
-0.796	11.6
-0.799	11.7
-0.802	11.7
-0.805	11.7
-0.808	11.7
-0.811	11.7
-0.814	11.7
-0.817	11.7
-0.820	11.7
-0.823	11.7
-0.826	11.7
-0.829	11.7
-0.832	11.7
-0.835	11.7
-0.838	11.7
-0.841	11.7
-0.844	11.7
-0.847	11.7
-0.850	11.7
-0.853	11.7
-0.856	11.7
-0.859	11.7
-0.861	11.7
-0.864	11.7
-0.867	11.7
-0.870	11.7
-0.873	11.7
-0.876	11.7
-0.879	11.7
-0.882	11.7
-0.885	11.7
-0.888	11.7
-0.891	11.7
-0.894	11.7
-0.897	11.7
-0.900	11.7
-0.903	11.7
-0.906	11.7
-0.909	11.7
-0.912	11.6
-0.915	11.6
-0.918	11.6
-0.921	11.6
-0.924	11.6
-0.927	11.6
-0.930	11.7
-0.933	11.7
-0.936	11.7
-0.939	11.7
-0.942	11.7
-0.945	11.6
-0.948	11.6
-0.951	11.6
-0.954	11.6
-0.957	11.6
-0.960	11.7
-0.962	11.6
-0.965	11.6
-0.968	11.6
-0.971	11.7
-0.974	11.7
-0.977	11.7
-0.980	11.7
-0.983	11.7
-0.986	11.6
-0.989	11.7
-0.992	11.7
-0.995	11.7
-0.998	11.7
-1.001	11.7
-1.004	11.7
-1.007	11.7
-1.010	11.7
-1.013	11.7
-1.016	11.7
-1.019	11.7
-1.022	11.7
-1.025	11.7
-1.028	11.7
-1.031	11.7
-1.034	11.7
-1.037	11.7
-1.040	11.7
-1.043	11.7
-1.046	11.7
-1.049	11.7
-1.052	11.7
-1.055	11.7
-1.058	11.7
-1.060	11.7
-1.063	11.7
-1.066	11.7
-1.069	11.7
-1.072	11.7
-1.075	11.7
-1.078	11.7
-1.081	11.7
-1.084	11.7
-1.087	11.7
-1.090	11.7
-1.093	11.7
-1.096	11.7
-1.099	11.7
-1.102	11.7
-1.105	11.7
-1.108	11.7
-1.111	11.7
-1.114	11.7
-1.117	11.7
-1.120	11.7
-1.123	11.7
-1.126	11.7
-1.129	11.7
-1.132	11.7
-1.135	11.6
-1.138	11.7
-1.141	11.7
-1.144	11.7
-1.147	11.6
-1.150	11.6
-1.153	11.7
-1.156	11.6
-1.158	11.6
-1.161	11.7
-1.164	11.6
-1.167	11.6
-1.170	11.6
-1.173	11.6
-1.176	11.6
-1.179	11.6
-1.182	11.6
-1.185	11.6
-1.188	11.6
-1.191	11.6
-1.194	11.6
-1.197	11.6
-1.200	11.6
-1.203	11.7
-1.206	11.7
-1.209	11.6
-1.212	11.6
-1.215	11.7
-1.218	11.6
-1.221	11.6
-1.224	11.7
-1.227	11.7
-1.230	11.7
-1.233	11.7
-1.236	11.7
-1.239	11.7
-1.242	11.7
-1.245	11.7
-1.248	11.7
-1.251	11.7
-1.254	11.7
-1.256	11.7
-1.259	11.7
-1.262	11.7
-1.265	11.7
-1.268	11.7
-1.271	11.7
-1.274	11.7
-1.277	11.7
-1.280	11.7
-1.283	11.7
-1.286	11.7
-1.289	11.7
-1.292	11.7
-1.295	11.7
-1.298	11.7
-1.301	11.7
-1.304	11.7
-1.307	11.7
-1.310	11.7
-1.313	11.7
-1.316	11.7
-1.319	11.7
-1.322	11.7
-1.325	11.7
-1.328	11.7
-1.331	11.7
-1.334	11.7
-1.337	11.7
-1.340	11.7
-1.343	11.7
-1.346	11.7
-1.349	11.7
-1.352	11.7
-1.354	11.7
-1.357	11.7
-1.360	11.7
-1.363	11.7
-1.366	11.7
-1.369	11.7
-1.372	11.7
-1.375	11.7
-1.378	11.7
-1.381	11.7
-1.384	11.7
-1.387	11.7
-1.390	11.7
-1.393	11.7
-1.396	11.7
-1.399	11.7
-1.402	11.7
-1.405	11.7
-1.408	11.7
-1.411	11.7
-1.414	11.7
-1.417	11.7
-1.420	11.7
-1.423	11.7
-1.426	11.7
-1.429	11.7
-1.432	11.7
-1.435	11.7
-1.438	11.7
-1.441	11.7
-1.444	11.7
-1.447	11.7
-1.449	11.7
-1.452	11.7
-1.455	11.7
-1.458	11.7
-1.461	11.7
-1.464	11.7
-1.467	11.7
-1.470	11.7
-1.473	11.7
-1.476	11.7
-1.479	11.7
-1.482	11.7
-1.485	11.7
-1.488	11.7
-1.491	11.7
-1.494	11.7
-1.497	11.7
-1.500	11.7
-1.503	11.7
-1.506	11.7
-1.509	11.7
-1.512	11.7
-1.515	11.7
-1.518	11.7
-1.521	11.8
-1.524	11.7
-1.527	11.7
-1.530	11.7
-1.533	11.7
-1.536	11.7
-1.539	11.7
-1.542	11.7
-1.544	11.7
-1.547	11.7
-1.550	11.7
-1.553	11.7
-1.556	11.7
-1.559	11.7
-1.562	11.7
-1.565	11.7
-1.568	11.7
-1.571	11.7
-1.574	11.7
-1.577	11.7
-1.580	11.7
-1.583	11.7
-1.586	11.7
-1.589	11.7
-1.592	11.7
-1.595	11.7
-1.598	11.7
-1.601	11.6
-1.604	11.6
-1.607	11.6
-1.610	11.7
-1.613	11.7
-1.616	11.7
-1.619	11.7
-1.622	11.7
-1.625	11.7
-1.628	11.7
-1.631	11.7
-1.634	11.7
-1.637	11.7
-1.639	11.7
-1.642	11.7
-1.645	11.7
-1.648	11.7
-1.651	11.7
-1.654	11.7
-1.657	11.7
-1.660	11.7
-1.663	11.7
-1.666	11.7
-1.669	11.7
-1.672	11.7
-1.675	11.7
-1.678	11.7
-1.681	11.7
-1.684	11.7
-1.687	11.7
-1.690	11.7
-1.693	11.7
-1.696	11.7
-1.699	11.7
-1.702	11.7
-1.705	11.7
-1.708	11.7
-1.711	11.7
-1.714	11.7
-1.717	11.7
-1.720	11.7
-1.723	11.7
-1.726	11.7
-1.729	11.7
-1.732	11.6
-1.734	11.6
-1.737	11.7
-1.740	11.7
-1.743	11.7
-1.746	11.7
-1.749	11.7
-1.752	11.6
-1.755	11.6
-1.758	11.7
-1.761	11.7
-1.764	11.7
-1.767	11.7
-1.770	11.7
-1.773	11.7
-1.776	11.7
-1.779	11.7
-1.782	11.7
-1.785	11.7
-1.788	11.7
-1.791	11.7
-1.794	11.7
-1.797	11.6
-1.800	11.7
-1.803	11.7
-1.806	11.7
-1.809	11.7
-1.812	11.7
-1.815	11.7
-1.818	11.6
-1.821	11.7
-1.824	11.7
-1.826	11.7
-1.829	11.6
-1.832	11.6
-1.835	11.7
-1.838	11.7
-1.841	11.7
-1.844	11.7
-1.847	11.7
-1.850	11.7
-1.853	11.7
-1.856	11.7
-1.859	11.7
-1.862	11.7
-1.865	11.7
-1.868	11.7
-1.871	11.7
-1.874	11.7
-1.877	11.7
-1.880	11.7
-1.883	11.7
-1.886	11.7
-1.889	11.7
-1.892	11.7
-1.895	11.7
-1.898	11.7
-1.901	11.7
-1.904	11.7
-1.907	11.7
-1.910	11.7
-1.913	11.7
-1.916	11.7
-1.918	11.7
-1.921	11.7
-1.924	11.7
-1.927	11.7
-1.930	11.7
-1.933	11.7
-1.936	11.7
-1.939	11.7
-1.942	11.7
-1.945	11.7
-1.948	11.7
-1.951	11.7
-1.954	11.7
-1.957	11.7
-1.960	11.7
-1.963	11.7
-1.966	11.7
-1.969	11.7
-1.972	11.7
-1.975	11.7
-1.978	11.7
-1.981	11.7
-1.984	11.7
-1.987	11.7
-1.990	11.7
-1.993	11.8
-1.996	11.8
-1.999	11.8
-2.002	11.7
-2.005	11.8
-2.008	11.7
-2.010	11.7
-2.013	11.7
-2.016	11.7
-2.019	11.7
-2.022	11.7
-2.025	11.7
-2.028	11.7
-2.031	11.7
-2.034	11.7
-2.037	11.7
-2.040	11.7
-2.043	11.7
-2.046	11.7
-2.049	11.7
-2.052	11.7
-2.055	11.7
-2.058	11.7
-2.061	11.7
-2.064	11.7
-2.067	11.7
-2.070	11.7
-2.073	11.7
-2.076	11.8
-2.079	11.8
-2.082	11.8
-2.085	11.7
-2.088	11.7
-2.091	11.8
-2.094	11.8
-2.097	11.8
-2.099	11.8
-2.102	11.8
-2.105	11.8
-2.108	11.8
-2.111	11.8
-2.114	11.8
-2.117	11.8
-2.120	11.8
-2.123	11.8
-2.126	11.7
-2.129	11.7
-2.132	11.7
-2.135	11.7
-2.138	11.7
-2.141	11.8
-2.144	11.8
-2.147	11.8
-2.150	11.7
-2.153	11.8
-2.156	11.7
-2.159	11.7
-2.162	11.8
-2.165	11.8
-2.168	11.7
-2.171	11.7
-2.174	11.7
-2.177	11.7
-2.180	11.8
-2.183	11.8
-2.186	11.8
-2.188	11.8
-2.191	11.8
-2.194	11.8
-2.197	11.8
-2.200	11.8
-2.203	11.8
-2.206	11.8
-2.209	11.8
-2.212	11.8
-2.215	11.8
-2.218	11.7
-2.221	11.7
-2.224	11.7
-2.227	11.7
-2.230	11.7
-2.233	11.7
-2.236	11.7
-2.239	11.7
-2.242	11.7
-2.245	11.7
-2.248	11.7
-2.251	11.7
-2.254	11.7
-2.257	11.7
-2.260	11.7
-2.263	11.7
-2.266	11.7
-2.269	11.7
-2.272	11.7
-2.275	11.7
-2.277	11.8
-2.280	11.7
-2.283	11.7
-2.286	11.7
-2.289	11.7
-2.292	11.7
-2.295	11.7
-2.298	11.7
-2.301	11.7
-2.304	11.7
-2.307	11.7
-2.310	11.7
-2.313	11.7
-2.316	11.7
-2.319	11.7
-2.322	11.8
-2.325	11.8
-2.328	11.8
-2.331	11.8
-2.334	11.8
-2.337	11.8
-2.340	11.7
-2.343	11.8
-2.346	11.7
-2.349	11.7
-2.352	11.7
-2.355	11.8
-2.358	11.7
-2.361	11.7
-2.363	11.7
-2.366	11.7
-2.369	11.7
-2.372	11.8
-2.375	11.8
-2.378	11.8
-2.381	11.8
-2.384	11.8
-2.387	11.8
-2.390	11.8
-2.393	11.8
-2.396	11.8
-2.399	11.8
-2.402	11.8
-2.405	11.8
-2.408	11.8
-2.411	11.8
-2.414	11.8
-2.417	11.8
-2.420	11.8
-2.423	11.8
-2.426	11.8
-2.429	11.8
-2.432	11.8
-2.435	11.8
-2.438	11.8
-2.441	11.8
-2.444	11.8
-2.447	11.8
-2.449	11.8
-2.452	11.8
-2.455	11.8
-2.458	11.8
-2.461	11.8
-2.464	11.8
-2.467	11.8
-2.470	11.8
-2.473	11.8
-2.476	11.8
-2.479	11.8
-2.482	11.8
-2.485	11.8
-2.488	11.8
-2.491	11.8
-2.494	11.8
-2.497	11.8
-2.500	11.8
-2.503	11.8
-2.506	11.8
-2.509	11.8
-2.512	11.8
-2.515	11.7
-2.518	11.7
-2.521	11.7
-2.524	11.7
-2.527	11.7
-2.530	11.7
-2.533	11.7
-2.535	11.7
-2.538	11.7
-2.541	11.7
-2.544	11.8
-2.547	11.7
-2.550	11.7
-2.553	11.7
-2.556	11.7
-2.559	11.7
-2.562	11.7
-2.565	11.8
-2.568	11.8
-2.571	11.8
-2.574	11.8
-2.577	11.7
-2.580	11.7
-2.583	11.8
-2.586	11.8
-2.589	11.7
-2.592	11.7
-2.595	11.8
-2.598	11.7
-2.601	11.8
-2.604	11.8
-2.607	11.8
-2.610	11.7
-2.613	11.7
-2.616	11.8
-2.619	11.7
-2.621	11.8
-2.624	11.8
-2.627	11.8
-2.630	11.8
-2.633	11.8
-2.636	11.8
-2.639	11.8
-2.642	11.8
-2.645	11.8
-2.648	11.8
-2.651	11.8
-2.654	11.8
-2.657	11.8
-2.660	11.8
-2.663	11.8
-2.666	11.8
-2.669	11.8
-2.672	11.8
-2.675	11.8
-2.678	11.8
-2.681	11.8
-2.684	11.8
-2.687	11.8
-2.690	11.8
-2.693	11.8
-2.696	11.8
-2.699	11.8
-2.702	11.8
-2.704	11.8
-2.707	11.8
-2.710	11.8
-2.713	11.8
-2.716	11.8
-2.719	11.8
-2.722	11.8
-2.725	11.8
-2.728	11.8
-2.731	11.8
-2.734	11.8
-2.737	11.8
-2.740	11.8
-2.743	11.8
-2.746	11.8
-2.749	11.8
-2.752	11.8
-2.755	11.8
-2.758	11.8
-2.761	11.8
-2.764	11.8
-2.767	11.8
-2.770	11.8
-2.773	11.8
-2.776	11.8
-2.779	11.8
-2.782	11.8
-2.785	11.8
-2.787	11.8
-2.790	11.8
-2.793	11.8
-2.796	11.8
-2.799	11.8
-2.802	11.8
-2.805	11.8
-2.808	11.8
-2.811	11.8
-2.814	11.8
-2.817	11.8
-2.820	11.8
-2.823	11.8
-2.826	11.8
-2.829	11.8
-2.832	11.8
-2.835	11.8
-2.838	11.8
-2.841	11.8
-2.844	11.8
-2.847	11.8
-2.850	11.8
-2.853	11.8
-2.856	11.8
-2.859	11.8
-2.862	11.8
-2.865	11.8
-2.867	11.8
-2.870	11.8
-2.873	11.8
-2.876	11.8
-2.879	11.8
-2.882	11.8
-2.885	11.8
-2.888	11.8
-2.891	11.8
-2.894	11.8
-2.897	11.8
-2.900	11.8
-2.903	11.8
-2.906	11.8
-2.909	11.9
-2.912	11.9
-2.915	11.8
-2.918	11.8
-2.921	11.9
-2.924	11.9
-2.927	11.8
-2.930	11.8
-2.933	11.8
-2.936	11.8
-2.939	11.8
-2.942	11.8
-2.945	11.8
-2.947	11.8
-2.950	11.8
-2.953	11.8
-2.956	11.8
-2.959	11.8
-2.962	11.8
-2.965	11.8
-2.968	11.8
-2.971	11.8
-2.974	11.8
-2.977	11.8
-2.980	11.8
-2.983	11.9
-2.986	11.9
-2.989	11.9
-2.992	11.9
-2.995	11.9
-2.998	11.9
-3.001	11.9
-3.004	11.9
-3.007	11.9
-3.010	11.9
-3.013	11.9
-3.016	11.9
-3.019	11.9
-3.022	11.9
-3.025	11.9
-3.027	11.9
-3.030	11.8
-3.033	11.9
-3.036	11.9
