#&a / °	I1 / %
3.039	8.5
3.036	8.5
3.033	8.5
3.030	8.5
3.027	8.5
3.025	8.5
3.022	8.5
3.019	8.5
3.016	8.5
3.013	8.4
3.010	8.4
3.007	8.4
3.004	8.4
3.001	8.4
2.998	8.4
2.995	8.4
2.992	8.4
2.989	8.4
2.986	8.4
2.983	8.4
2.980	8.4
2.977	8.4
2.974	8.4
2.971	8.4
2.968	8.4
2.965	8.4
2.962	8.4
2.959	8.4
2.956	8.4
2.953	8.4
2.950	8.4
2.947	8.4
2.945	8.4
2.942	8.4
2.939	8.4
2.936	8.4
2.933	8.4
2.930	8.4
2.927	8.4
2.924	8.4
2.921	8.4
2.918	8.4
2.915	8.4
2.912	8.4
2.909	8.4
2.906	8.4
2.903	8.4
2.900	8.4
2.897	8.4
2.894	8.4
2.891	8.4
2.888	8.5
2.885	8.5
2.882	8.5
2.879	8.5
2.876	8.5
2.873	8.5
2.870	8.5
2.867	8.5
2.865	8.5
2.862	8.5
2.859	8.5
2.856	8.5
2.853	8.5
2.850	8.5
2.847	8.5
2.844	8.5
2.841	8.5
2.838	8.5
2.835	8.5
2.832	8.4
2.829	8.5
2.826	8.5
2.823	8.5
2.820	8.5
2.817	8.5
2.814	8.5
2.811	8.5
2.808	8.5
2.805	8.5
2.802	8.5
2.799	8.5
2.796	8.5
2.793	8.5
2.790	8.5
2.787	8.5
2.785	8.5
2.782	8.5
2.779	8.5
2.776	8.5
2.773	8.5
2.770	8.5
2.767	8.5
2.764	8.5
2.761	8.5
2.758	8.5
2.755	8.5
2.752	8.5
2.749	8.5
2.746	8.5
2.743	8.5
2.740	8.5
2.737	8.5
2.734	8.5
2.731	8.5
2.728	8.5
2.725	8.5
2.722	8.5
2.719	8.5
2.716	8.5
2.713	8.5
2.710	8.5
2.707	8.5
2.704	8.5
2.702	8.5
2.699	8.5
2.696	8.5
2.693	8.5
2.690	8.5
2.687	8.5
2.684	8.5
2.681	8.5
2.678	8.5
2.675	8.5
2.672	8.5
2.669	8.5
2.666	8.5
2.663	8.5
2.660	8.5
2.657	8.5
2.654	8.6
2.651	8.6
2.648	8.5
2.645	8.5
2.642	8.6
2.639	8.6
2.636	8.5
2.633	8.5
2.630	8.5
2.627	8.5
2.624	8.5
2.621	8.6
2.619	8.6
2.616	8.5
2.613	8.6
2.610	8.6
2.607	8.6
2.604	8.5
2.601	8.5
2.598	8.5
2.595	8.6
2.592	8.6
2.589	8.6
2.586	8.6
2.583	8.6
2.580	8.6
2.577	8.6
2.574	8.6
2.571	8.6
2.568	8.6
2.565	8.6
2.562	8.6
2.559	8.6
2.556	8.6
2.553	8.6
2.550	8.6
2.547	8.6
2.544	8.6
2.541	8.6
2.538	8.6
2.535	8.6
2.533	8.6
2.530	8.6
2.527	8.6
2.524	8.6
2.521	8.6
2.518	8.6
2.515	8.6
2.512	8.6
2.509	8.6
2.506	8.6
2.503	8.6
2.500	8.6
2.497	8.6
2.494	8.6
2.491	8.6
2.488	8.6
2.485	8.6
2.482	8.6
2.479	8.6
2.476	8.6
2.473	8.6
2.470	8.6
2.467	8.6
2.464	8.6
2.461	8.6
2.458	8.6
2.455	8.6
2.452	8.6
2.449	8.6
2.447	8.6
2.444	8.7
2.441	8.7
2.438	8.6
2.435	8.7
2.432	8.7
2.429	8.7
2.426	8.7
2.423	8.7
2.420	8.7
2.417	8.7
2.414	8.7
2.411	8.7
2.408	8.7
2.405	8.7
2.402	8.7
2.399	8.7
2.396	8.7
2.393	8.7
2.390	8.7
2.387	8.7
2.384	8.7
2.381	8.7
2.378	8.7
2.375	8.7
2.372	8.7
2.369	8.7
2.366	8.7
2.363	8.7
2.361	8.7
2.358	8.7
2.355	8.7
2.352	8.7
2.349	8.7
2.346	8.7
2.343	8.7
2.340	8.7
2.337	8.7
2.334	8.7
2.331	8.7
2.328	8.7
2.325	8.7
2.322	8.7
2.319	8.7
2.316	8.7
2.313	8.7
2.310	8.7
2.307	8.7
2.304	8.7
2.301	8.7
2.298	8.7
2.295	8.7
2.292	8.8
2.289	8.8
2.286	8.8
2.283	8.8
2.280	8.7
2.277	8.7
2.275	8.8
2.272	8.8
2.269	8.8
2.266	8.8
2.263	8.8
2.260	8.8
2.257	8.8
2.254	8.8
2.251	8.8
2.248	8.8
2.245	8.8
2.242	8.8
2.239	8.8
2.236	8.8
2.233	8.8
2.230	8.8
2.227	8.8
2.224	8.8
2.221	8.8
2.218	8.8
2.215	8.8
2.212	8.8
2.209	8.8
2.206	8.8
2.203	8.8
2.200	8.8
2.197	8.8
2.194	8.8
2.191	8.8
2.188	8.8
2.186	8.8
2.183	8.8
2.180	8.8
2.177	8.8
2.174	8.8
2.171	8.8
2.168	8.8
2.165	8.8
2.162	8.8
2.159	8.8
2.156	8.8
2.153	8.8
2.150	8.8
2.147	8.8
2.144	8.8
2.141	8.8
2.138	8.8
2.135	8.8
2.132	8.8
2.129	8.9
2.126	8.9
2.123	8.9
2.120	8.9
2.117	8.9
2.114	8.9
2.111	8.9
2.108	8.9
2.105	8.9
2.102	8.9
2.099	8.9
2.097	8.9
2.094	8.9
2.091	8.9
2.088	8.9
2.085	8.9
2.082	8.9
2.079	8.9
2.076	8.9
2.073	8.9
2.070	8.9
2.067	8.9
2.064	8.9
2.061	8.9
2.058	8.9
2.055	8.9
2.052	8.9
2.049	8.9
2.046	8.9
2.043	8.9
2.040	8.9
2.037	8.9
2.034	8.9
2.031	8.9
2.028	8.9
2.025	8.9
2.022	9.0
2.019	9.0
2.016	9.0
2.013	9.0
2.010	9.0
2.008	9.0
2.005	9.0
2.002	9.0
1.999	9.0
1.996	9.0
1.993	9.0
1.990	9.0
1.987	9.0
1.984	9.0
1.981	9.0
1.978	9.0
1.975	9.0
1.972	9.0
1.969	9.0
1.966	9.0
1.963	9.0
1.960	9.0
1.957	9.0
1.954	9.0
1.951	9.0
1.948	9.0
1.945	9.0
1.942	9.0
1.939	9.0
1.936	9.0
1.933	9.0
1.930	9.0
1.927	9.0
1.924	9.0
1.921	9.0
1.918	9.0
1.916	9.0
1.913	9.0
1.910	9.0
1.907	9.0
1.904	9.0
1.901	9.0
1.898	9.0
1.895	9.0
1.892	9.0
1.889	9.0
1.886	9.0
1.883	9.0
1.880	9.0
1.877	9.0
1.874	9.0
1.871	9.0
1.868	9.0
1.865	9.0
1.862	9.0
1.859	9.0
1.856	9.0
1.853	9.0
1.850	9.0
1.847	9.0
1.844	9.0
1.841	9.0
1.838	9.0
1.835	9.0
1.832	9.0
1.829	9.0
1.826	9.0
1.824	9.0
1.821	9.0
1.818	9.0
1.815	9.0
1.812	9.0
1.809	9.0
1.806	9.0
1.803	9.0
1.800	9.0
1.797	9.0
1.794	9.0
1.791	9.0
1.788	9.0
1.785	9.0
1.782	9.0
1.779	9.0
1.776	9.0
1.773	9.0
1.770	9.0
1.767	9.0
1.764	9.0
1.761	9.0
1.758	9.0
1.755	9.0
1.752	9.0
1.749	9.0
1.746	9.0
1.743	9.0
1.740	9.0
1.737	9.0
1.734	9.0
1.732	9.0
1.729	9.1
1.726	9.1
1.723	9.1
1.720	9.1
1.717	9.1
1.714	9.1
1.711	9.1
1.708	9.1
1.705	9.1
1.702	9.1
1.699	9.1
1.696	9.1
1.693	9.1
1.690	9.1
1.687	9.1
1.684	9.1
1.681	9.1
1.678	9.1
1.675	9.1
1.672	9.1
1.669	9.1
1.666	9.1
1.663	9.1
1.660	9.1
1.657	9.1
1.654	9.1
1.651	9.1
1.648	9.1
1.645	9.1
1.642	9.1
1.639	9.1
1.637	9.1
1.634	9.1
1.631	9.1
1.628	9.1
1.625	9.1
1.622	9.1
1.619	9.1
1.616	9.1
1.613	9.1
1.610	9.1
1.607	9.1
1.604	9.1
1.601	9.1
1.598	9.1
1.595	9.1
1.592	9.1
1.589	9.1
1.586	9.1
1.583	9.1
1.580	9.1
1.577	9.2
1.574	9.2
1.571	9.2
1.568	9.2
1.565	9.2
1.562	9.2
1.559	9.2
1.556	9.2
1.553	9.2
1.550	9.2
1.547	9.2
1.544	9.2
1.542	9.2
1.539	9.2
1.536	9.2
1.533	9.2
1.530	9.2
1.527	9.2
1.524	9.2
1.521	9.3
1.518	9.3
1.515	9.2
1.512	9.2
1.509	9.2
1.506	9.2
1.503	9.2
1.500	9.2
1.497	9.2
1.494	9.2
1.491	9.2
1.488	9.2
1.485	9.2
1.482	9.2
1.479	9.2
1.476	9.2
1.473	9.3
1.470	9.3
1.467	9.3
1.464	9.3
1.461	9.3
1.458	9.3
1.455	9.3
1.452	9.3
1.449	9.2
1.447	9.2
1.444	9.3
1.441	9.3
1.438	9.2
1.435	9.3
1.432	9.3
1.429	9.3
1.426	9.3
1.423	9.3
1.420	9.3
1.417	9.3
1.414	9.3
1.411	9.3
1.408	9.3
1.405	9.3
1.402	9.3
1.399	9.3
1.396	9.3
1.393	9.3
1.390	9.3
1.387	9.3
1.384	9.3
1.381	9.3
1.378	9.3
1.375	9.3
1.372	9.3
1.369	9.3
1.366	9.3
1.363	9.3
1.360	9.3
1.357	9.3
1.354	9.3
1.352	9.3
1.349	9.3
1.346	9.3
1.343	9.3
1.340	9.3
1.337	9.3
1.334	9.3
1.331	9.3
1.328	9.3
1.325	9.3
1.322	9.3
1.319	9.3
1.316	9.3
1.313	9.3
1.310	9.3
1.307	9.3
1.304	9.3
1.301	9.3
1.298	9.3
1.295	9.3
1.292	9.3
1.289	9.3
1.286	9.3
1.283	9.3
1.280	9.3
1.277	9.3
1.274	9.3
1.271	9.3
1.268	9.3
1.265	9.3
1.262	9.3
1.259	9.3
1.256	9.3
1.254	9.3
1.251	9.3
1.248	9.3
1.245	9.3
1.242	9.3
1.239	9.3
1.236	9.3
1.233	9.3
1.230	9.3
1.227	9.3
1.224	9.3
1.221	9.3
1.218	9.3
1.215	9.3
1.212	9.3
1.209	9.3
1.206	9.3
1.203	9.3
1.200	9.3
1.197	9.3
1.194	9.3
1.191	9.3
1.188	9.3
1.185	9.3
1.182	9.3
1.179	9.3
1.176	9.3
1.173	9.3
1.170	9.3
1.167	9.3
1.164	9.3
1.161	9.3
1.158	9.3
1.156	9.4
1.153	9.4
1.150	9.4
1.147	9.4
1.144	9.4
1.141	9.4
1.138	9.4
1.135	9.4
1.132	9.4
1.129	9.4
1.126	9.4
1.123	9.4
1.120	9.4
1.117	9.4
1.114	9.4
1.111	9.4
1.108	9.4
1.105	9.4
1.102	9.4
1.099	9.4
1.096	9.4
1.093	9.4
1.090	9.4
1.087	9.4
1.084	9.4
1.081	9.4
1.078	9.4
1.075	9.4
1.072	9.4
1.069	9.4
1.066	9.4
1.063	9.4
1.060	9.4
1.058	9.4
1.055	9.4
1.052	9.4
1.049	9.4
1.046	9.4
1.043	9.4
1.040	9.4
1.037	9.4
1.034	9.4
1.031	9.4
1.028	9.4
1.025	9.4
1.022	9.4
1.019	9.4
1.016	9.4
1.013	9.4
1.010	9.4
1.007	9.4
1.004	9.4
1.001	9.4
0.998	9.4
0.995	9.4
0.992	9.4
0.989	9.4
0.986	9.4
0.983	9.4
0.980	9.5
0.977	9.5
0.974	9.4
0.971	9.4
0.968	9.5
0.965	9.5
0.962	9.5
0.960	9.5
0.957	9.5
0.954	9.5
0.951	9.5
0.948	9.5
0.945	9.5
0.942	9.5
0.939	9.5
0.936	9.5
0.933	9.5
0.930	9.5
0.927	9.5
0.924	9.5
0.921	9.5
0.918	9.5
0.915	9.5
0.912	9.6
0.909	9.5
0.906	9.5
0.903	9.5
0.900	9.5
0.897	9.6
0.894	9.6
0.891	9.5
0.888	9.5
0.885	9.6
0.882	9.6
0.879	9.6
0.876	9.6
0.873	9.6
0.870	9.6
0.867	9.6
0.864	9.6
0.861	9.6
0.859	9.6
0.856	9.6
0.853	9.7
0.850	9.6
0.847	9.6
0.844	9.6
0.841	9.6
0.838	9.6
0.835	9.6
0.832	9.7
0.829	9.7
0.826	9.7
0.823	9.7
0.820	9.6
0.817	9.6
0.814	9.7
0.811	9.7
0.808	9.7
0.805	9.7
0.802	9.7
0.799	9.7
0.796	9.7
0.793	9.7
0.790	9.7
0.787	9.7
0.784	9.7
0.781	9.7
0.778	9.7
0.775	9.7
0.772	9.7
0.769	9.7
0.766	9.7
0.763	9.7
0.761	9.7
0.758	9.7
0.755	9.7
0.752	9.7
0.749	9.7
0.746	9.7
0.743	9.7
0.740	9.7
0.737	9.7
0.734	9.7
0.731	9.7
0.728	9.7
0.725	9.7
0.722	9.7
0.719	9.7
0.716	9.7
0.713	9.7
0.710	9.7
0.707	9.7
0.704	9.7
0.701	9.7
0.698	9.7
0.695	9.7
0.692	9.7
0.689	9.7
0.686	9.7
0.683	9.8
0.680	9.7
0.677	9.7
0.674	9.7
0.671	9.7
0.668	9.7
0.665	9.7
0.662	9.8
0.660	9.8
0.657	9.8
0.654	9.7
0.651	9.7
0.648	9.7
0.645	9.7
0.642	9.8
0.639	9.8
0.636	9.7
0.633	9.7
0.630	9.7
0.627	9.7
0.624	9.7
0.621	9.7
0.618	9.8
0.615	9.8
0.612	9.8
0.609	9.8
0.606	9.7
0.603	9.7
0.600	9.8
0.597	9.8
0.594	9.8
0.591	9.8
0.588	9.8
0.585	9.8
0.582	9.8
0.579	9.8
0.576	9.8
0.573	9.8
0.570	9.8
0.567	9.8
0.564	9.8
0.561	9.8
0.559	9.8
0.556	9.8
0.553	9.8
0.550	9.8
0.547	9.8
0.544	9.8
0.541	9.8
0.538	9.8
0.535	9.8
0.532	9.8
0.529	9.8
0.526	9.8
0.523	9.8
0.520	9.8
0.517	9.8
0.514	9.8
0.511	9.9
0.508	9.8
0.505	9.8
0.502	9.8
0.499	9.8
0.496	9.8
0.493	9.8
0.490	9.8
0.487	9.8
0.484	9.8
0.481	9.8
0.478	9.8
0.475	9.8
0.472	9.8
0.469	9.8
0.466	9.8
0.463	9.8
0.460	9.8
0.458	9.8
0.455	9.8
0.452	9.9
0.449	9.9
0.446	9.9
0.443	9.9
0.440	9.9
0.437	9.9
0.434	9.9
0.431	9.9
0.428	9.9
0.425	9.9
0.422	9.9
0.419	9.9
0.416	9.9
0.413	9.9
0.410	9.9
0.407	9.9
0.404	9.9
0.401	9.8
0.398	9.8
0.395	9.8
0.392	9.9
0.389	9.9
0.386	9.9
0.383	9.9
0.380	9.9
0.377	9.9
0.374	9.9
0.371	9.9
0.368	9.9
0.365	9.9
0.362	9.9
0.359	9.9
0.357	9.9
0.354	9.9
0.351	9.9
0.348	9.9
0.345	9.9
0.342	9.9
0.339	9.9
0.336	9.9
0.333	9.9
0.330	9.9
0.327	9.9
0.324	9.9
0.321	9.9
0.318	9.9
0.315	9.9
0.312	9.9
0.309	9.9
0.306	9.9
0.303	9.9
0.300	9.9
0.297	9.9
0.294	9.9
0.291	9.9
0.288	9.9
0.285	9.9
0.282	10.0
0.279	10.0
0.276	10.0
0.273	10.0
0.270	10.0
0.267	10.0
0.264	10.0
0.261	10.0
0.258	10.0
0.255	10.0
0.253	10.0
0.250	10.1
0.247	10.0
0.244	10.0
0.241	10.0
0.238	10.0
0.235	10.0
0.232	10.0
0.229	10.1
0.226	10.1
0.223	10.1
0.220	10.1
0.217	10.1
0.214	10.1
0.211	10.1
0.208	10.1
0.205	10.1
0.202	10.1
0.199	10.1
0.196	10.1
0.193	10.1
0.190	10.1
0.187	10.1
0.184	10.1
0.181	10.2
0.178	10.2
0.175	10.2
0.172	10.2
0.169	10.2
0.166	10.2
0.163	10.2
0.160	10.2
0.157	10.2
0.154	10.2
0.152	10.3
0.149	10.3
0.146	10.3
0.143	10.3
0.140	10.3
0.137	10.3
0.134	10.4
0.131	10.4
0.128	10.4
0.125	10.4
0.122	10.5
0.119	10.5
0.116	10.5
0.113	10.5
0.110	10.5
0.107	10.6
0.104	10.6
0.101	10.6
0.098	10.6
0.095	10.7
0.092	10.7
0.089	10.8
0.086	10.8
0.083	10.9
0.080	11.1
0.077	11.4
0.074	11.8
0.071	12.4
0.068	13.2
0.065	14.3
0.062	15.8
0.059	17.7
0.056	20.1
0.053	23.1
0.051	27.2
0.048	32.3
0.045	38.4
0.042	45.1
0.039	52.2
0.036	59.5
0.033	66.8
0.030	73.5
0.027	78.8
0.024	83.3
0.021	86.5
0.018	88.4
0.015	92.0
0.012	93.7
0.009	94.4
0.006	93.2
0.003	91.1
0.000	90.4
-0.003	90.6
-0.006	90.6
-0.009	92.4
-0.012	93.4
-0.015	91.8
-0.018	89.7
-0.021	87.8
-0.024	83.9
-0.027	78.2
-0.030	71.1
-0.033	62.7
-0.036	53.3
-0.039	42.6
-0.042	32.6
-0.045	24.8
-0.048	19.4
-0.051	16.1
-0.053	14.1
-0.056	13.0
-0.059	12.2
-0.062	11.8
-0.065	11.6
-0.068	11.4
-0.071	11.2
-0.074	11.2
-0.077	11.1
-0.080	11.1
-0.083	11.0
-0.086	11.0
-0.089	10.9
-0.092	10.9
-0.095	10.9
-0.098	10.9
-0.101	10.8
-0.104	10.8
-0.107	10.7
-0.110	10.7
-0.113	10.7
-0.116	10.6
-0.119	10.6
-0.122	10.6
-0.125	10.6
-0.128	10.6
-0.131	10.6
-0.134	10.6
-0.137	10.5
-0.140	10.5
-0.143	10.5
-0.146	10.5
-0.149	10.5
-0.152	10.5
-0.154	10.5
-0.157	10.5
-0.160	10.5
-0.163	10.5
-0.166	10.5
-0.169	10.4
-0.172	10.4
-0.175	10.4
-0.178	10.4
-0.181	10.4
-0.184	10.4
-0.187	10.4
-0.190	10.4
-0.193	10.4
-0.196	10.4
-0.199	10.4
-0.202	10.4
-0.205	10.4
-0.208	10.4
-0.211	10.4
-0.214	10.3
-0.217	10.3
-0.220	10.3
-0.223	10.3
-0.226	10.3
-0.229	10.3
-0.232	10.3
-0.235	10.3
-0.238	10.3
-0.241	10.3
-0.244	10.3
-0.247	10.3
-0.250	10.3
-0.253	10.3
-0.255	10.3
-0.258	10.3
-0.261	10.3
-0.264	10.3
-0.267	10.3
-0.270	10.3
-0.273	10.3
-0.276	10.3
-0.279	10.3
-0.282	10.3
-0.285	10.3
-0.288	10.3
-0.291	10.3
-0.294	10.3
-0.297	10.3
-0.300	10.2
-0.303	10.2
-0.306	10.2
-0.309	10.2
-0.312	10.2
-0.315	10.2
-0.318	10.2
-0.321	10.2
-0.324	10.2
-0.327	10.2
-0.330	10.2
-0.333	10.2
-0.336	10.2
-0.339	10.2
-0.342	10.2
-0.345	10.2
-0.348	10.2
-0.351	10.2
-0.354	10.2
-0.357	10.2
-0.359	10.2
-0.362	10.2
-0.365	10.2
-0.368	10.2
-0.371	10.2
-0.374	10.2
-0.377	10.2
-0.380	10.2
-0.383	10.2
-0.386	10.2
-0.389	10.2
-0.392	10.2
-0.395	10.2
-0.398	10.2
-0.401	10.2
-0.404	10.2
-0.407	10.2
-0.410	10.2
-0.413	10.2
-0.416	10.2
-0.419	10.2
-0.422	10.2
-0.425	10.2
-0.428	10.1
-0.431	10.1
-0.434	10.2
-0.437	10.1
-0.440	10.1
-0.443	10.2
-0.446	10.1
-0.449	10.2
-0.452	10.2
-0.455	10.2
-0.458	10.2
-0.460	10.2
-0.463	10.2
-0.466	10.2
-0.469	10.2
-0.472	10.2
-0.475	10.2
-0.478	10.2
-0.481	10.2
-0.484	10.2
-0.487	10.2
-0.490	10.2
-0.493	10.2
-0.496	10.2
-0.499	10.2
-0.502	10.2
-0.505	10.2
-0.508	10.2
-0.511	10.2
-0.514	10.2
-0.517	10.2
-0.520	10.2
-0.523	10.2
-0.526	10.2
-0.529	10.2
-0.532	10.2
-0.535	10.2
-0.538	10.2
-0.541	10.2
-0.544	10.2
-0.547	10.2
-0.550	10.2
-0.553	10.2
-0.556	10.2
-0.559	10.2
-0.561	10.2
-0.564	10.2
-0.567	10.2
-0.570	10.2
-0.573	10.2
-0.576	10.2
-0.579	10.2
-0.582	10.2
-0.585	10.2
-0.588	10.2
-0.591	10.2
-0.594	10.2
-0.597	10.2
-0.600	10.2
-0.603	10.2
-0.606	10.2
-0.609	10.2
-0.612	10.2
-0.615	10.2
-0.618	10.2
-0.621	10.2
-0.624	10.2
-0.627	10.2
-0.630	10.2
-0.633	10.2
-0.636	10.2
-0.639	10.2
-0.642	10.2
-0.645	10.2
-0.648	10.2
-0.651	10.2
-0.654	10.2
-0.657	10.2
-0.660	10.2
-0.662	10.2
-0.665	10.2
-0.668	10.2
-0.671	10.2
-0.674	10.2
-0.677	10.2
-0.680	10.2
-0.683	10.2
-0.686	10.2
-0.689	10.2
-0.692	10.2
-0.695	10.2
-0.698	10.2
-0.701	10.2
-0.704	10.2
-0.707	10.2
-0.710	10.2
-0.713	10.2
-0.716	10.2
-0.719	10.2
-0.722	10.2
-0.725	10.2
-0.728	10.2
-0.731	10.2
-0.734	10.2
-0.737	10.2
-0.740	10.2
-0.743	10.2
-0.746	10.2
-0.749	10.2
-0.752	10.2
-0.755	10.2
-0.758	10.2
-0.761	10.2
-0.763	10.2
-0.766	10.2
-0.769	10.2
-0.772	10.2
-0.775	10.2
-0.778	10.2
-0.781	10.2
-0.784	10.2
-0.787	10.2
-0.790	10.2
-0.793	10.2
-0.796	10.2
-0.799	10.2
-0.802	10.2
-0.805	10.2
-0.808	10.2
-0.811	10.2
-0.814	10.2
-0.817	10.2
-0.820	10.2
-0.823	10.2
-0.826	10.2
-0.829	10.2
-0.832	10.2
-0.835	10.3
-0.838	10.3
-0.841	10.3
-0.844	10.3
-0.847	10.2
-0.850	10.2
-0.853	10.2
-0.856	10.2
-0.859	10.2
-0.861	10.3
-0.864	10.3
-0.867	10.3
-0.870	10.3
-0.873	10.3
-0.876	10.3
-0.879	10.2
-0.882	10.2
-0.885	10.2
-0.888	10.3
-0.891	10.3
-0.894	10.2
-0.897	10.2
-0.900	10.2
-0.903	10.2
-0.906	10.2
-0.909	10.2
-0.912	10.2
-0.915	10.2
-0.918	10.2
-0.921	10.2
-0.924	10.2
-0.927	10.2
-0.930	10.2
-0.933	10.2
-0.936	10.2
-0.939	10.2
-0.942	10.2
-0.945	10.2
-0.948	10.2
-0.951	10.2
-0.954	10.2
-0.957	10.2
-0.960	10.2
-0.962	10.2
-0.965	10.2
-0.968	10.2
-0.971	10.2
-0.974	10.2
-0.977	10.2
-0.980	10.2
-0.983	10.2
-0.986	10.2
-0.989	10.2
-0.992	10.2
-0.995	10.2
-0.998	10.2
-1.001	10.2
-1.004	10.2
-1.007	10.2
-1.010	10.2
-1.013	10.3
-1.016	10.3
-1.019	10.3
-1.022	10.3
-1.025	10.3
-1.028	10.3
-1.031	10.3
-1.034	10.3
-1.037	10.3
-1.040	10.3
-1.043	10.3
-1.046	10.3
-1.049	10.3
-1.052	10.3
-1.055	10.3
-1.058	10.3
-1.060	10.3
-1.063	10.3
-1.066	10.3
-1.069	10.3
-1.072	10.3
-1.075	10.3
-1.078	10.3
-1.081	10.3
-1.084	10.3
-1.087	10.3
-1.090	10.3
-1.093	10.3
-1.096	10.3
-1.099	10.3
-1.102	10.3
-1.105	10.3
-1.108	10.3
-1.111	10.3
-1.114	10.3
-1.117	10.3
-1.120	10.3
-1.123	10.3
-1.126	10.3
-1.129	10.3
-1.132	10.3
-1.135	10.3
-1.138	10.3
-1.141	10.3
-1.144	10.3
-1.147	10.3
-1.150	10.2
-1.153	10.2
-1.156	10.2
-1.158	10.2
-1.161	10.2
-1.164	10.2
-1.167	10.2
-1.170	10.2
-1.173	10.2
-1.176	10.2
-1.179	10.2
-1.182	10.2
-1.185	10.2
-1.188	10.2
-1.191	10.2
-1.194	10.2
-1.197	10.2
-1.200	10.2
-1.203	10.2
-1.206	10.2
-1.209	10.2
-1.212	10.2
-1.215	10.2
-1.218	10.2
-1.221	10.2
-1.224	10.2
-1.227	10.2
-1.230	10.2
-1.233	10.2
-1.236	10.2
-1.239	10.2
-1.242	10.2
-1.245	10.2
-1.248	10.3
-1.251	10.2
-1.254	10.3
-1.256	10.3
-1.259	10.3
-1.262	10.3
-1.265	10.3
-1.268	10.3
-1.271	10.3
-1.274	10.3
-1.277	10.3
-1.280	10.3
-1.283	10.3
-1.286	10.3
-1.289	10.3
-1.292	10.3
-1.295	10.3
-1.298	10.3
-1.301	10.3
-1.304	10.3
-1.307	10.3
-1.310	10.3
-1.313	10.3
-1.316	10.3
-1.319	10.3
-1.322	10.3
-1.325	10.3
-1.328	10.3
-1.331	10.3
-1.334	10.3
-1.337	10.3
-1.340	10.3
-1.343	10.3
-1.346	10.3
-1.349	10.3
-1.352	10.3
-1.354	10.3
-1.357	10.3
-1.360	10.3
-1.363	10.3
-1.366	10.3
-1.369	10.3
-1.372	10.3
-1.375	10.4
-1.378	10.3
-1.381	10.3
-1.384	10.4
-1.387	10.3
-1.390	10.4
-1.393	10.4
-1.396	10.4
-1.399	10.3
-1.402	10.3
-1.405	10.3
-1.408	10.3
-1.411	10.3
-1.414	10.3
-1.417	10.3
-1.420	10.3
-1.423	10.3
-1.426	10.3
-1.429	10.3
-1.432	10.3
-1.435	10.3
-1.438	10.4
-1.441	10.3
-1.444	10.3
-1.447	10.4
-1.449	10.4
-1.452	10.4
-1.455	10.4
-1.458	10.4
-1.461	10.4
-1.464	10.4
-1.467	10.4
-1.470	10.4
-1.473	10.4
-1.476	10.4
-1.479	10.4
-1.482	10.4
-1.485	10.4
-1.488	10.4
-1.491	10.4
-1.494	10.4
-1.497	10.4
-1.500	10.4
-1.503	10.3
-1.506	10.3
-1.509	10.3
-1.512	10.3
-1.515	10.3
-1.518	10.3
-1.521	10.4
-1.524	10.4
-1.527	10.3
-1.530	10.3
-1.533	10.3
-1.536	10.3
-1.539	10.3
-1.542	10.3
-1.544	10.3
-1.547	10.3
-1.550	10.3
-1.553	10.3
-1.556	10.3
-1.559	10.3
-1.562	10.3
-1.565	10.3
-1.568	10.3
-1.571	10.3
-1.574	10.4
-1.577	10.4
-1.580	10.4
-1.583	10.4
-1.586	10.4
-1.589	10.4
-1.592	10.4
-1.595	10.4
-1.598	10.4
-1.601	10.4
-1.604	10.4
-1.607	10.4
-1.610	10.4
-1.613	10.4
-1.616	10.4
-1.619	10.4
-1.622	10.4
-1.625	10.4
-1.628	10.4
-1.631	10.4
-1.634	10.4
-1.637	10.4
-1.639	10.3
-1.642	10.3
-1.645	10.3
-1.648	10.4
-1.651	10.3
-1.654	10.3
-1.657	10.3
-1.660	10.3
-1.663	10.3
-1.666	10.3
-1.669	10.3
-1.672	10.3
-1.675	10.3
-1.678	10.3
-1.681	10.3
-1.684	10.3
-1.687	10.3
-1.690	10.3
-1.693	10.3
-1.696	10.3
-1.699	10.3
-1.702	10.3
-1.705	10.3
-1.708	10.3
-1.711	10.3
-1.714	10.3
-1.717	10.3
-1.720	10.3
-1.723	10.3
-1.726	10.3
-1.729	10.3
-1.732	10.3
-1.734	10.3
-1.737	10.3
-1.740	10.3
-1.743	10.3
-1.746	10.3
-1.749	10.3
-1.752	10.3
-1.755	10.3
-1.758	10.3
-1.761	10.3
-1.764	10.3
-1.767	10.3
-1.770	10.3
-1.773	10.3
-1.776	10.3
-1.779	10.3
-1.782	10.3
-1.785	10.3
-1.788	10.3
-1.791	10.3
-1.794	10.3
-1.797	10.3
-1.800	10.3
-1.803	10.3
-1.806	10.3
-1.809	10.3
-1.812	10.3
-1.815	10.3
-1.818	10.3
-1.821	10.3
-1.824	10.3
-1.826	10.3
-1.829	10.3
-1.832	10.3
-1.835	10.3
-1.838	10.3
-1.841	10.3
-1.844	10.3
-1.847	10.3
-1.850	10.3
-1.853	10.3
-1.856	10.3
-1.859	10.3
-1.862	10.3
-1.865	10.3
-1.868	10.3
-1.871	10.3
-1.874	10.3
-1.877	10.3
-1.880	10.3
-1.883	10.3
-1.886	10.3
-1.889	10.3
-1.892	10.3
-1.895	10.3
-1.898	10.3
-1.901	10.3
-1.904	10.3
-1.907	10.3
-1.910	10.3
-1.913	10.3
-1.916	10.3
-1.918	10.3
-1.921	10.3
-1.924	10.3
-1.927	10.3
-1.930	10.3
-1.933	10.3
-1.936	10.3
-1.939	10.3
-1.942	10.3
-1.945	10.3
-1.948	10.3
-1.951	10.3
-1.954	10.3
-1.957	10.3
-1.960	10.3
-1.963	10.3
-1.966	10.3
-1.969	10.3
-1.972	10.3
-1.975	10.3
-1.978	10.3
-1.981	10.3
-1.984	10.3
-1.987	10.3
-1.990	10.3
-1.993	10.3
-1.996	10.3
-1.999	10.3
-2.002	10.3
-2.005	10.3
-2.008	10.3
-2.010	10.3
-2.013	10.3
-2.016	10.3
-2.019	10.3
-2.022	10.3
-2.025	10.3
-2.028	10.3
-2.031	10.3
-2.034	10.4
-2.037	10.4
-2.040	10.4
-2.043	10.4
-2.046	10.4
-2.049	10.3
-2.052	10.3
-2.055	10.4
-2.058	10.4
-2.061	10.3
-2.064	10.3
-2.067	10.3
-2.070	10.3
-2.073	10.3
-2.076	10.3
-2.079	10.3
-2.082	10.3
-2.085	10.3
-2.088	10.4
-2.091	10.4
-2.094	10.4
-2.097	10.4
-2.099	10.4
-2.102	10.4
-2.105	10.4
-2.108	10.4
-2.111	10.4
-2.114	10.4
-2.117	10.4
-2.120	10.4
-2.123	10.4
-2.126	10.4
-2.129	10.4
-2.132	10.4
-2.135	10.4
-2.138	10.4
-2.141	10.4
-2.144	10.4
-2.147	10.4
-2.150	10.4
-2.153	10.4
-2.156	10.4
-2.159	10.4
-2.162	10.4
-2.165	10.4
-2.168	10.4
-2.171	10.4
-2.174	10.4
-2.177	10.4
-2.180	10.4
-2.183	10.4
-2.186	10.4
-2.188	10.4
-2.191	10.4
-2.194	10.4
-2.197	10.4
-2.200	10.4
-2.203	10.4
-2.206	10.4
-2.209	10.4
-2.212	10.4
-2.215	10.4
-2.218	10.4
-2.221	10.4
-2.224	10.4
-2.227	10.3
-2.230	10.4
-2.233	10.4
-2.236	10.4
-2.239	10.3
-2.242	10.4
-2.245	10.4
-2.248	10.4
-2.251	10.3
-2.254	10.3
-2.257	10.4
-2.260	10.3
-2.263	10.4
-2.266	10.4
-2.269	10.4
-2.272	10.4
-2.275	10.4
-2.277	10.4
-2.280	10.3
-2.283	10.3
-2.286	10.3
-2.289	10.3
-2.292	10.3
-2.295	10.3
-2.298	10.3
-2.301	10.3
-2.304	10.4
-2.307	10.4
-2.310	10.3
-2.313	10.4
-2.316	10.3
-2.319	10.3
-2.322	10.3
-2.325	10.3
-2.328	10.3
-2.331	10.3
-2.334	10.3
-2.337	10.4
-2.340	10.4
-2.343	10.4
-2.346	10.4
-2.349	10.4
-2.352	10.4
-2.355	10.4
-2.358	10.4
-2.361	10.4
-2.363	10.4
-2.366	10.4
-2.369	10.4
-2.372	10.4
-2.375	10.4
-2.378	10.4
-2.381	10.4
-2.384	10.4
-2.387	10.4
-2.390	10.4
-2.393	10.4
-2.396	10.4
-2.399	10.4
-2.402	10.4
-2.405	10.4
-2.408	10.4
-2.411	10.4
-2.414	10.4
-2.417	10.4
-2.420	10.4
-2.423	10.4
-2.426	10.4
-2.429	10.4
-2.432	10.4
-2.435	10.4
-2.438	10.4
-2.441	10.4
-2.444	10.4
-2.447	10.4
-2.449	10.4
-2.452	10.4
-2.455	10.4
-2.458	10.4
-2.461	10.4
-2.464	10.4
-2.467	10.4
-2.470	10.4
-2.473	10.4
-2.476	10.4
-2.479	10.4
-2.482	10.4
-2.485	10.4
-2.488	10.4
-2.491	10.4
-2.494	10.4
-2.497	10.4
-2.500	10.4
-2.503	10.4
-2.506	10.4
-2.509	10.4
-2.512	10.4
-2.515	10.4
-2.518	10.4
-2.521	10.4
-2.524	10.4
-2.527	10.4
-2.530	10.4
-2.533	10.4
-2.535	10.4
-2.538	10.4
-2.541	10.4
-2.544	10.4
-2.547	10.4
-2.550	10.4
-2.553	10.4
-2.556	10.4
-2.559	10.4
-2.562	10.4
-2.565	10.4
-2.568	10.4
-2.571	10.4
-2.574	10.4
-2.577	10.4
-2.580	10.4
-2.583	10.4
-2.586	10.4
-2.589	10.4
-2.592	10.4
-2.595	10.4
-2.598	10.4
-2.601	10.4
-2.604	10.4
-2.607	10.4
-2.610	10.4
-2.613	10.4
-2.616	10.4
-2.619	10.4
-2.621	10.4
-2.624	10.4
-2.627	10.4
-2.630	10.4
-2.633	10.4
-2.636	10.4
-2.639	10.4
-2.642	10.4
-2.645	10.4
-2.648	10.4
-2.651	10.4
-2.654	10.4
-2.657	10.4
-2.660	10.4
-2.663	10.4
-2.666	10.4
-2.669	10.4
-2.672	10.4
-2.675	10.4
-2.678	10.4
-2.681	10.4
-2.684	10.4
-2.687	10.4
-2.690	10.4
-2.693	10.4
-2.696	10.4
-2.699	10.4
-2.702	10.4
-2.704	10.4
-2.707	10.4
-2.710	10.4
-2.713	10.4
-2.716	10.4
-2.719	10.4
-2.722	10.4
-2.725	10.4
-2.728	10.4
-2.731	10.4
-2.734	10.4
-2.737	10.4
-2.740	10.4
-2.743	10.4
-2.746	10.4
-2.749	10.4
-2.752	10.4
-2.755	10.4
-2.758	10.4
-2.761	10.4
-2.764	10.4
-2.767	10.4
-2.770	10.4
-2.773	10.4
-2.776	10.4
-2.779	10.4
-2.782	10.4
-2.785	10.4
-2.787	10.4
-2.790	10.4
-2.793	10.4
-2.796	10.4
-2.799	10.4
-2.802	10.4
-2.805	10.4
-2.808	10.4
-2.811	10.4
-2.814	10.4
-2.817	10.4
-2.820	10.4
-2.823	10.4
-2.826	10.4
-2.829	10.4
-2.832	10.4
-2.835	10.4
-2.838	10.4
-2.841	10.4
-2.844	10.4
-2.847	10.4
-2.850	10.4
-2.853	10.4
-2.856	10.4
-2.859	10.4
-2.862	10.4
-2.865	10.4
-2.867	10.4
-2.870	10.4
-2.873	10.4
-2.876	10.4
-2.879	10.4
-2.882	10.4
-2.885	10.4
-2.888	10.4
-2.891	10.5
-2.894	10.5
-2.897	10.5
-2.900	10.5
-2.903	10.5
-2.906	10.5
-2.909	10.5
-2.912	10.5
-2.915	10.5
-2.918	10.5
-2.921	10.5
-2.924	10.5
-2.927	10.4
-2.930	10.4
-2.933	10.4
-2.936	10.5
-2.939	10.5
-2.942	10.5
-2.945	10.5
-2.947	10.4
-2.950	10.5
-2.953	10.5
-2.956	10.5
-2.959	10.5
-2.962	10.5
-2.965	10.5
-2.968	10.5
-2.971	10.5
-2.974	10.5
-2.977	10.5
-2.980	10.5
-2.983	10.5
-2.986	10.5
-2.989	10.5
-2.992	10.5
-2.995	10.5
-2.998	10.5
-3.001	10.5
-3.004	10.5
-3.007	10.5
-3.010	10.5
-3.013	10.5
-3.016	10.5
-3.019	10.5
-3.022	10.5
-3.025	10.5
-3.027	10.5
-3.030	10.5
-3.033	10.5
-3.036	10.5
