#&a / °	I1 / %
3.039	8.1
3.036	8.1
3.033	8.0
3.030	8.0
3.027	8.0
3.025	8.0
3.022	8.0
3.019	8.0
3.016	8.0
3.013	8.0
3.010	8.0
3.007	8.0
3.004	8.0
3.001	8.0
2.998	8.0
2.995	8.0
2.992	8.0
2.989	8.0
2.986	8.0
2.983	8.0
2.980	8.0
2.977	8.0
2.974	8.0
2.971	8.0
2.968	8.0
2.965	8.0
2.962	8.0
2.959	8.0
2.956	8.0
2.953	8.0
2.950	8.0
2.947	8.0
2.945	8.0
2.942	8.0
2.939	8.0
2.936	8.0
2.933	8.0
2.930	8.0
2.927	8.0
2.924	8.0
2.921	8.0
2.918	8.0
2.915	8.0
2.912	8.0
2.909	8.0
2.906	8.0
2.903	8.0
2.900	8.0
2.897	8.0
2.894	8.0
2.891	8.0
2.888	8.1
2.885	8.1
2.882	8.0
2.879	8.0
2.876	8.1
2.873	8.1
2.870	8.1
2.867	8.1
2.865	8.1
2.862	8.1
2.859	8.1
2.856	8.1
2.853	8.1
2.850	8.1
2.847	8.1
2.844	8.1
2.841	8.1
2.838	8.1
2.835	8.1
2.832	8.1
2.829	8.1
2.826	8.1
2.823	8.1
2.820	8.1
2.817	8.1
2.814	8.1
2.811	8.1
2.808	8.1
2.805	8.1
2.802	8.1
2.799	8.1
2.796	8.1
2.793	8.1
2.790	8.1
2.787	8.1
2.785	8.1
2.782	8.1
2.779	8.1
2.776	8.1
2.773	8.1
2.770	8.1
2.767	8.1
2.764	8.1
2.761	8.1
2.758	8.1
2.755	8.1
2.752	8.1
2.749	8.1
2.746	8.1
2.743	8.1
2.740	8.1
2.737	8.1
2.734	8.1
2.731	8.1
2.728	8.1
2.725	8.1
2.722	8.1
2.719	8.1
2.716	8.1
2.713	8.1
2.710	8.1
2.707	8.1
2.704	8.1
2.702	8.1
2.699	8.1
2.696	8.1
2.693	8.1
2.690	8.1
2.687	8.1
2.684	8.1
2.681	8.1
2.678	8.1
2.675	8.1
2.672	8.1
2.669	8.1
2.666	8.1
2.663	8.1
2.660	8.1
2.657	8.1
2.654	8.1
2.651	8.1
2.648	8.1
2.645	8.1
2.642	8.1
2.639	8.1
2.636	8.1
2.633	8.1
2.630	8.1
2.627	8.1
2.624	8.1
2.621	8.1
2.619	8.1
2.616	8.1
2.613	8.1
2.610	8.1
2.607	8.1
2.604	8.1
2.601	8.1
2.598	8.1
2.595	8.1
2.592	8.1
2.589	8.1
2.586	8.2
2.583	8.2
2.580	8.2
2.577	8.2
2.574	8.2
2.571	8.2
2.568	8.2
2.565	8.2
2.562	8.2
2.559	8.2
2.556	8.2
2.553	8.2
2.550	8.2
2.547	8.2
2.544	8.2
2.541	8.2
2.538	8.2
2.535	8.2
2.533	8.2
2.530	8.2
2.527	8.2
2.524	8.2
2.521	8.2
2.518	8.2
2.515	8.2
2.512	8.2
2.509	8.2
2.506	8.2
2.503	8.2
2.500	8.2
2.497	8.2
2.494	8.2
2.491	8.2
2.488	8.2
2.485	8.2
2.482	8.2
2.479	8.2
2.476	8.2
2.473	8.2
2.470	8.2
2.467	8.2
2.464	8.2
2.461	8.2
2.458	8.2
2.455	8.2
2.452	8.2
2.449	8.2
2.447	8.2
2.444	8.2
2.441	8.2
2.438	8.3
2.435	8.3
2.432	8.3
2.429	8.3
2.426	8.3
2.423	8.3
2.420	8.3
2.417	8.2
2.414	8.2
2.411	8.2
2.408	8.2
2.405	8.3
2.402	8.3
2.399	8.3
2.396	8.3
2.393	8.2
2.390	8.3
2.387	8.3
2.384	8.3
2.381	8.3
2.378	8.3
2.375	8.3
2.372	8.3
2.369	8.3
2.366	8.3
2.363	8.3
2.361	8.3
2.358	8.3
2.355	8.3
2.352	8.3
2.349	8.3
2.346	8.3
2.343	8.3
2.340	8.3
2.337	8.3
2.334	8.3
2.331	8.3
2.328	8.3
2.325	8.3
2.322	8.3
2.319	8.4
2.316	8.3
2.313	8.3
2.310	8.3
2.307	8.4
2.304	8.3
2.301	8.4
2.298	8.4
2.295	8.4
2.292	8.4
2.289	8.4
2.286	8.4
2.283	8.4
2.280	8.4
2.277	8.4
2.275	8.4
2.272	8.4
2.269	8.4
2.266	8.4
2.263	8.4
2.260	8.4
2.257	8.4
2.254	8.4
2.251	8.4
2.248	8.4
2.245	8.4
2.242	8.4
2.239	8.4
2.236	8.4
2.233	8.4
2.230	8.4
2.227	8.4
2.224	8.4
2.221	8.4
2.218	8.4
2.215	8.4
2.212	8.4
2.209	8.4
2.206	8.4
2.203	8.4
2.200	8.5
2.197	8.5
2.194	8.5
2.191	8.5
2.188	8.5
2.186	8.5
2.183	8.5
2.180	8.5
2.177	8.5
2.174	8.5
2.171	8.5
2.168	8.5
2.165	8.5
2.162	8.5
2.159	8.5
2.156	8.5
2.153	8.5
2.150	8.5
2.147	8.5
2.144	8.5
2.141	8.5
2.138	8.5
2.135	8.5
2.132	8.5
2.129	8.5
2.126	8.5
2.123	8.5
2.120	8.5
2.117	8.6
2.114	8.5
2.111	8.5
2.108	8.5
2.105	8.5
2.102	8.5
2.099	8.5
2.097	8.5
2.094	8.5
2.091	8.5
2.088	8.5
2.085	8.6
2.082	8.6
2.079	8.5
2.076	8.6
2.073	8.6
2.070	8.5
2.067	8.6
2.064	8.6
2.061	8.6
2.058	8.6
2.055	8.6
2.052	8.6
2.049	8.6
2.046	8.6
2.043	8.6
2.040	8.6
2.037	8.6
2.034	8.6
2.031	8.6
2.028	8.6
2.025	8.6
2.022	8.6
2.019	8.6
2.016	8.6
2.013	8.6
2.010	8.6
2.008	8.6
2.005	8.6
2.002	8.6
1.999	8.6
1.996	8.6
1.993	8.6
1.990	8.6
1.987	8.6
1.984	8.6
1.981	8.6
1.978	8.6
1.975	8.6
1.972	8.6
1.969	8.6
1.966	8.6
1.963	8.6
1.960	8.6
1.957	8.6
1.954	8.6
1.951	8.6
1.948	8.6
1.945	8.6
1.942	8.6
1.939	8.6
1.936	8.6
1.933	8.6
1.930	8.6
1.927	8.6
1.924	8.6
1.921	8.6
1.918	8.6
1.916	8.6
1.913	8.6
1.910	8.6
1.907	8.7
1.904	8.6
1.901	8.6
1.898	8.6
1.895	8.6
1.892	8.7
1.889	8.7
1.886	8.7
1.883	8.7
1.880	8.7
1.877	8.7
1.874	8.7
1.871	8.7
1.868	8.7
1.865	8.7
1.862	8.7
1.859	8.7
1.856	8.7
1.853	8.7
1.850	8.7
1.847	8.7
1.844	8.7
1.841	8.7
1.838	8.7
1.835	8.7
1.832	8.7
1.829	8.7
1.826	8.7
1.824	8.7
1.821	8.7
1.818	8.7
1.815	8.7
1.812	8.7
1.809	8.7
1.806	8.7
1.803	8.7
1.800	8.7
1.797	8.7
1.794	8.7
1.791	8.7
1.788	8.7
1.785	8.7
1.782	8.7
1.779	8.7
1.776	8.7
1.773	8.7
1.770	8.7
1.767	8.7
1.764	8.7
1.761	8.7
1.758	8.7
1.755	8.7
1.752	8.7
1.749	8.7
1.746	8.7
1.743	8.7
1.740	8.7
1.737	8.7
1.734	8.7
1.732	8.7
1.729	8.7
1.726	8.8
1.723	8.8
1.720	8.8
1.717	8.8
1.714	8.8
1.711	8.8
1.708	8.8
1.705	8.8
1.702	8.8
1.699	8.8
1.696	8.8
1.693	8.8
1.690	8.8
1.687	8.8
1.684	8.8
1.681	8.8
1.678	8.8
1.675	8.8
1.672	8.8
1.669	8.8
1.666	8.8
1.663	8.9
1.660	8.9
1.657	8.9
1.654	8.9
1.651	8.9
1.648	8.9
1.645	8.9
1.642	8.9
1.639	8.9
1.637	8.9
1.634	8.9
1.631	8.9
1.628	8.9
1.625	8.9
1.622	8.9
1.619	8.9
1.616	8.9
1.613	8.9
1.610	8.9
1.607	8.9
1.604	8.9
1.601	8.9
1.598	8.9
1.595	8.9
1.592	8.9
1.589	8.9
1.586	8.9
1.583	8.9
1.580	8.9
1.577	8.9
1.574	8.9
1.571	8.9
1.568	8.9
1.565	8.9
1.562	8.9
1.559	8.9
1.556	8.9
1.553	8.9
1.550	8.9
1.547	8.9
1.544	8.9
1.542	8.9
1.539	8.9
1.536	8.9
1.533	8.9
1.530	8.9
1.527	8.9
1.524	8.9
1.521	9.0
1.518	9.0
1.515	8.9
1.512	8.9
1.509	8.9
1.506	8.9
1.503	8.9
1.500	8.9
1.497	8.9
1.494	8.9
1.491	8.9
1.488	8.9
1.485	9.0
1.482	9.0
1.479	9.0
1.476	9.0
1.473	9.0
1.470	9.0
1.467	9.0
1.464	9.0
1.461	9.0
1.458	9.0
1.455	9.0
1.452	9.0
1.449	9.0
1.447	9.0
1.444	9.0
1.441	9.0
1.438	9.0
1.435	9.0
1.432	9.0
1.429	9.0
1.426	9.0
1.423	9.0
1.420	9.0
1.417	9.0
1.414	9.0
1.411	9.0
1.408	9.0
1.405	9.0
1.402	9.0
1.399	9.0
1.396	9.0
1.393	9.0
1.390	9.0
1.387	9.0
1.384	9.0
1.381	9.0
1.378	9.0
1.375	9.0
1.372	9.0
1.369	9.0
1.366	9.0
1.363	9.0
1.360	9.0
1.357	9.0
1.354	9.0
1.352	9.0
1.349	9.0
1.346	9.0
1.343	9.0
1.340	9.0
1.337	9.0
1.334	9.0
1.331	9.0
1.328	9.0
1.325	9.0
1.322	9.0
1.319	9.0
1.316	9.0
1.313	9.0
1.310	9.0
1.307	9.0
1.304	9.0
1.301	9.0
1.298	9.0
1.295	9.0
1.292	9.0
1.289	9.0
1.286	9.0
1.283	9.0
1.280	9.0
1.277	9.0
1.274	9.0
1.271	9.0
1.268	9.0
1.265	9.0
1.262	9.0
1.259	9.0
1.256	9.0
1.254	9.0
1.251	9.0
1.248	9.0
1.245	9.0
1.242	9.0
1.239	9.0
1.236	9.0
1.233	9.0
1.230	9.0
1.227	9.0
1.224	9.0
1.221	9.0
1.218	9.0
1.215	9.0
1.212	9.0
1.209	9.0
1.206	9.0
1.203	9.0
1.200	9.0
1.197	9.0
1.194	9.0
1.191	9.0
1.188	9.1
1.185	9.1
1.182	9.1
1.179	9.1
1.176	9.0
1.173	9.0
1.170	9.0
1.167	9.0
1.164	9.0
1.161	9.0
1.158	9.1
1.156	9.1
1.153	9.1
1.150	9.1
1.147	9.1
1.144	9.1
1.141	9.1
1.138	9.1
1.135	9.1
1.132	9.1
1.129	9.1
1.126	9.1
1.123	9.1
1.120	9.1
1.117	9.1
1.114	9.1
1.111	9.1
1.108	9.1
1.105	9.1
1.102	9.1
1.099	9.1
1.096	9.1
1.093	9.1
1.090	9.1
1.087	9.1
1.084	9.1
1.081	9.1
1.078	9.1
1.075	9.1
1.072	9.1
1.069	9.1
1.066	9.1
1.063	9.1
1.060	9.1
1.058	9.1
1.055	9.1
1.052	9.1
1.049	9.1
1.046	9.1
1.043	9.2
1.040	9.1
1.037	9.1
1.034	9.1
1.031	9.2
1.028	9.2
1.025	9.2
1.022	9.2
1.019	9.2
1.016	9.2
1.013	9.2
1.010	9.2
1.007	9.2
1.004	9.2
1.001	9.2
0.998	9.2
0.995	9.2
0.992	9.2
0.989	9.2
0.986	9.2
0.983	9.2
0.980	9.2
0.977	9.2
0.974	9.2
0.971	9.2
0.968	9.2
0.965	9.2
0.962	9.2
0.960	9.2
0.957	9.2
0.954	9.2
0.951	9.2
0.948	9.2
0.945	9.2
0.942	9.2
0.939	9.2
0.936	9.2
0.933	9.2
0.930	9.2
0.927	9.2
0.924	9.3
0.921	9.3
0.918	9.3
0.915	9.3
0.912	9.3
0.909	9.2
0.906	9.3
0.903	9.3
0.900	9.3
0.897	9.3
0.894	9.3
0.891	9.3
0.888	9.3
0.885	9.3
0.882	9.3
0.879	9.3
0.876	9.3
0.873	9.3
0.870	9.3
0.867	9.3
0.864	9.3
0.861	9.3
0.859	9.3
0.856	9.3
0.853	9.3
0.850	9.3
0.847	9.3
0.844	9.3
0.841	9.3
0.838	9.3
0.835	9.3
0.832	9.3
0.829	9.3
0.826	9.3
0.823	9.3
0.820	9.3
0.817	9.4
0.814	9.3
0.811	9.4
0.808	9.4
0.805	9.4
0.802	9.4
0.799	9.4
0.796	9.4
0.793	9.4
0.790	9.4
0.787	9.4
0.784	9.4
0.781	9.4
0.778	9.4
0.775	9.4
0.772	9.4
0.769	9.4
0.766	9.4
0.763	9.4
0.761	9.4
0.758	9.4
0.755	9.4
0.752	9.4
0.749	9.4
0.746	9.4
0.743	9.4
0.740	9.4
0.737	9.4
0.734	9.4
0.731	9.4
0.728	9.4
0.725	9.4
0.722	9.4
0.719	9.4
0.716	9.4
0.713	9.4
0.710	9.4
0.707	9.4
0.704	9.4
0.701	9.4
0.698	9.4
0.695	9.4
0.692	9.4
0.689	9.4
0.686	9.4
0.683	9.4
0.680	9.4
0.677	9.4
0.674	9.4
0.671	9.4
0.668	9.4
0.665	9.4
0.662	9.4
0.660	9.4
0.657	9.4
0.654	9.4
0.651	9.5
0.648	9.5
0.645	9.5
0.642	9.5
0.639	9.5
0.636	9.5
0.633	9.5
0.630	9.5
0.627	9.5
0.624	9.5
0.621	9.5
0.618	9.5
0.615	9.5
0.612	9.5
0.609	9.5
0.606	9.5
0.603	9.5
0.600	9.5
0.597	9.5
0.594	9.5
0.591	9.5
0.588	9.5
0.585	9.5
0.582	9.5
0.579	9.5
0.576	9.5
0.573	9.5
0.570	9.5
0.567	9.5
0.564	9.5
0.561	9.5
0.559	9.5
0.556	9.5
0.553	9.5
0.550	9.5
0.547	9.5
0.544	9.5
0.541	9.5
0.538	9.5
0.535	9.5
0.532	9.5
0.529	9.5
0.526	9.5
0.523	9.6
0.520	9.6
0.517	9.6
0.514	9.6
0.511	9.6
0.508	9.6
0.505	9.6
0.502	9.6
0.499	9.6
0.496	9.6
0.493	9.6
0.490	9.6
0.487	9.6
0.484	9.6
0.481	9.7
0.478	9.7
0.475	9.7
0.472	9.7
0.469	9.7
0.466	10.0
0.463	10.3
0.460	10.7
0.458	10.9
0.455	11.2
0.452	11.5
0.449	12.4
0.446	13.6
0.443	14.8
0.440	15.5
0.437	16.0
0.434	16.4
0.431	16.8
0.428	17.2
0.425	17.5
0.422	17.7
0.419	17.9
0.416	18.1
0.413	18.3
0.410	18.4
0.407	18.6
0.404	18.7
0.401	18.7
0.398	18.8
0.395	18.8
0.392	18.5
0.389	18.1
0.386	17.8
0.383	17.4
0.380	16.8
0.377	15.9
0.374	14.3
0.371	12.5
0.368	11.3
0.365	10.6
0.362	10.2
0.359	9.9
0.357	9.9
0.354	9.9
0.351	9.8
0.348	9.8
0.345	9.8
0.342	9.8
0.339	9.8
0.336	9.8
0.333	9.7
0.330	9.7
0.327	9.7
0.324	9.7
0.321	9.7
0.318	9.7
0.315	9.7
0.312	9.7
0.309	9.7
0.306	9.7
0.303	9.7
0.300	9.6
0.297	9.6
0.294	9.6
0.291	9.6
0.288	9.6
0.285	9.6
0.282	9.6
0.279	9.6
0.276	9.6
0.273	9.6
0.270	9.6
0.267	9.6
0.264	9.6
0.261	9.6
0.258	9.6
0.255	9.6
0.253	9.6
0.250	9.6
0.247	9.6
0.244	9.6
0.241	9.6
0.238	9.6
0.235	9.6
0.232	9.6
0.229	9.6
0.226	9.6
0.223	9.6
0.220	9.6
0.217	9.6
0.214	9.6
0.211	9.6
0.208	9.6
0.205	9.6
0.202	9.6
0.199	9.6
0.196	9.7
0.193	9.7
0.190	9.6
0.187	9.7
0.184	9.6
0.181	9.6
0.178	9.7
0.175	9.7
0.172	9.6
0.169	9.6
0.166	9.6
0.163	9.6
0.160	9.7
0.157	9.6
0.154	9.7
0.152	9.7
0.149	9.7
0.146	9.7
0.143	9.7
0.140	9.7
0.137	9.7
0.134	9.7
0.131	9.7
0.128	9.7
0.125	9.7
0.122	9.8
0.119	9.7
0.116	9.7
0.113	9.8
0.110	9.8
0.107	9.7
0.104	9.7
0.101	9.8
0.098	9.8
0.095	9.8
0.092	9.8
0.089	9.8
0.086	9.8
0.083	9.8
0.080	9.8
0.077	9.8
0.074	9.8
0.071	9.8
0.068	9.8
0.065	9.8
0.062	9.8
0.059	9.8
0.056	9.8
0.053	9.8
0.051	9.8
0.048	9.9
0.045	10.2
0.042	10.6
0.039	10.7
0.036	10.7
0.033	10.7
0.030	10.8
0.027	10.9
0.024	10.9
0.021	11.0
0.018	11.0
0.015	11.1
0.012	11.1
0.009	11.1
0.006	11.2
0.003	11.2
0.000	11.4
-0.003	11.4
-0.006	11.4
-0.009	11.4
-0.012	11.4
-0.015	11.3
-0.018	11.3
-0.021	11.3
-0.024	11.2
-0.027	11.0
-0.030	10.6
-0.033	10.2
-0.036	10.0
-0.039	9.9
-0.042	9.8
-0.045	9.8
-0.048	9.8
-0.051	9.8
-0.053	9.8
-0.056	9.8
-0.059	9.8
-0.062	9.8
-0.065	9.8
-0.068	9.7
-0.071	9.7
-0.074	9.8
-0.077	9.8
-0.080	9.8
-0.083	9.8
-0.086	9.8
-0.089	9.8
-0.092	9.8
-0.095	9.8
-0.098	9.8
-0.101	9.8
-0.104	9.8
-0.107	9.8
-0.110	9.8
-0.113	9.8
-0.116	9.8
-0.119	9.8
-0.122	9.8
-0.125	9.7
-0.128	9.8
-0.131	9.8
-0.134	9.8
-0.137	9.7
-0.140	9.8
-0.143	9.8
-0.146	9.8
-0.149	9.8
-0.152	9.8
-0.154	9.8
-0.157	9.8
-0.160	9.8
-0.163	9.8
-0.166	9.8
-0.169	9.8
-0.172	9.8
-0.175	9.8
-0.178	9.8
-0.181	9.8
-0.184	9.8
-0.187	9.8
-0.190	9.8
-0.193	9.8
-0.196	9.8
-0.199	9.8
-0.202	9.8
-0.205	9.8
-0.208	9.8
-0.211	9.8
-0.214	9.8
-0.217	9.9
-0.220	9.9
-0.223	9.8
-0.226	9.8
-0.229	9.8
-0.232	9.8
-0.235	9.9
-0.238	9.8
-0.241	9.8
-0.244	9.8
-0.247	9.8
-0.250	9.8
-0.253	9.8
-0.255	9.8
-0.258	9.8
-0.261	9.8
-0.264	9.8
-0.267	9.8
-0.270	9.8
-0.273	9.8
-0.276	9.9
-0.279	9.8
-0.282	9.9
-0.285	9.9
-0.288	9.9
-0.291	9.8
-0.294	9.8
-0.297	9.9
-0.300	9.9
-0.303	9.8
-0.306	9.8
-0.309	9.9
-0.312	9.9
-0.315	9.9
-0.318	9.9
-0.321	9.9
-0.324	9.9
-0.327	9.9
-0.330	9.9
-0.333	9.9
-0.336	9.8
-0.339	9.9
-0.342	9.9
-0.345	9.8
-0.348	9.8
-0.351	9.9
-0.354	9.8
-0.357	9.9
-0.359	9.9
-0.362	9.9
-0.365	9.9
-0.368	9.9
-0.371	9.9
-0.374	9.9
-0.377	9.9
-0.380	9.9
-0.383	9.9
-0.386	9.9
-0.389	9.9
-0.392	9.9
-0.395	9.9
-0.398	9.9
-0.401	9.9
-0.404	9.9
-0.407	9.9
-0.410	9.9
-0.413	9.9
-0.416	9.8
-0.419	9.8
-0.422	9.9
-0.425	9.9
-0.428	9.9
-0.431	9.9
-0.434	9.9
-0.437	9.9
-0.440	9.9
-0.443	9.9
-0.446	9.9
-0.449	9.9
-0.452	9.9
-0.455	9.9
-0.458	9.9
-0.460	9.9
-0.463	9.9
-0.466	9.9
-0.469	9.9
-0.472	9.9
-0.475	9.9
-0.478	10.0
-0.481	10.0
-0.484	10.0
-0.487	10.0
-0.490	10.0
-0.493	10.0
-0.496	10.0
-0.499	10.0
-0.502	10.0
-0.505	10.0
-0.508	10.0
-0.511	10.0
-0.514	10.0
-0.517	10.0
-0.520	10.0
-0.523	10.0
-0.526	10.0
-0.529	10.1
-0.532	10.0
-0.535	10.0
-0.538	10.0
-0.541	10.0
-0.544	10.0
-0.547	10.0
-0.550	10.1
-0.553	10.1
-0.556	10.1
-0.559	10.0
-0.561	10.0
-0.564	10.0
-0.567	10.0
-0.570	10.0
-0.573	10.1
-0.576	10.0
-0.579	10.0
-0.582	10.1
-0.585	10.0
-0.588	10.0
-0.591	10.1
-0.594	10.1
-0.597	10.0
-0.600	10.0
-0.603	10.1
-0.606	10.0
-0.609	10.1
-0.612	10.1
-0.615	10.0
-0.618	10.0
-0.621	10.0
-0.624	10.0
-0.627	10.0
-0.630	10.0
-0.633	10.1
-0.636	10.0
-0.639	10.1
-0.642	10.1
-0.645	10.0
-0.648	10.0
-0.651	10.0
-0.654	10.0
-0.657	10.0
-0.660	10.0
-0.662	10.0
-0.665	10.0
-0.668	10.0
-0.671	10.0
-0.674	10.1
-0.677	10.1
-0.680	10.0
-0.683	10.0
-0.686	10.0
-0.689	10.0
-0.692	10.1
-0.695	10.1
-0.698	10.1
-0.701	10.1
-0.704	10.1
-0.707	10.0
-0.710	10.1
-0.713	10.0
-0.716	10.0
-0.719	10.1
-0.722	10.1
-0.725	10.0
-0.728	10.1
-0.731	10.1
-0.734	10.1
-0.737	10.1
-0.740	10.1
-0.743	10.1
-0.746	10.1
-0.749	10.1
-0.752	10.1
-0.755	10.1
-0.758	10.0
-0.761	10.1
-0.763	10.1
-0.766	10.1
-0.769	10.1
-0.772	10.1
-0.775	10.1
-0.778	10.1
-0.781	10.1
-0.784	10.1
-0.787	10.1
-0.790	10.1
-0.793	10.1
-0.796	10.1
-0.799	10.1
-0.802	10.1
-0.805	10.1
-0.808	10.1
-0.811	10.1
-0.814	10.1
-0.817	10.1
-0.820	10.1
-0.823	10.1
-0.826	10.1
-0.829	10.1
-0.832	10.1
-0.835	10.1
-0.838	10.1
-0.841	10.1
-0.844	10.2
-0.847	10.2
-0.850	10.1
-0.853	10.1
-0.856	10.1
-0.859	10.1
-0.861	10.1
-0.864	10.1
-0.867	10.2
-0.870	10.1
-0.873	10.1
-0.876	10.2
-0.879	10.2
-0.882	10.1
-0.885	10.2
-0.888	10.2
-0.891	10.2
-0.894	10.1
-0.897	10.1
-0.900	10.1
-0.903	10.1
-0.906	10.1
-0.909	10.1
-0.912	10.1
-0.915	10.1
-0.918	10.1
-0.921	10.1
-0.924	10.1
-0.927	10.1
-0.930	10.1
-0.933	10.1
-0.936	10.1
-0.939	10.1
-0.942	10.1
-0.945	10.1
-0.948	10.1
-0.951	10.1
-0.954	10.1
-0.957	10.1
-0.960	10.1
-0.962	10.1
-0.965	10.1
-0.968	10.1
-0.971	10.1
-0.974	10.1
-0.977	10.1
-0.980	10.1
-0.983	10.1
-0.986	10.1
-0.989	10.1
-0.992	10.1
-0.995	10.1
-0.998	10.1
-1.001	10.1
-1.004	10.1
-1.007	10.2
-1.010	10.2
-1.013	10.2
-1.016	10.2
-1.019	10.2
-1.022	10.2
-1.025	10.2
-1.028	10.2
-1.031	10.2
-1.034	10.2
-1.037	10.2
-1.040	10.2
-1.043	10.2
-1.046	10.2
-1.049	10.2
-1.052	10.2
-1.055	10.2
-1.058	10.2
-1.060	10.2
-1.063	10.2
-1.066	10.2
-1.069	10.2
-1.072	10.2
-1.075	10.2
-1.078	10.1
-1.081	10.2
-1.084	10.2
-1.087	10.2
-1.090	10.2
-1.093	10.2
-1.096	10.2
-1.099	10.2
-1.102	10.2
-1.105	10.2
-1.108	10.2
-1.111	10.2
-1.114	10.2
-1.117	10.2
-1.120	10.2
-1.123	10.2
-1.126	10.2
-1.129	10.2
-1.132	10.2
-1.135	10.2
-1.138	10.2
-1.141	10.2
-1.144	10.2
-1.147	10.2
-1.150	10.2
-1.153	10.2
-1.156	10.2
-1.158	10.2
-1.161	10.2
-1.164	10.2
-1.167	10.2
-1.170	10.2
-1.173	10.2
-1.176	10.2
-1.179	10.1
-1.182	10.2
-1.185	10.2
-1.188	10.1
-1.191	10.1
-1.194	10.1
-1.197	10.1
-1.200	10.1
-1.203	10.2
-1.206	10.1
-1.209	10.1
-1.212	10.1
-1.215	10.2
-1.218	10.2
-1.221	10.2
-1.224	10.2
-1.227	10.2
-1.230	10.2
-1.233	10.2
-1.236	10.2
-1.239	10.2
-1.242	10.2
-1.245	10.2
-1.248	10.2
-1.251	10.2
-1.254	10.2
-1.256	10.2
-1.259	10.2
-1.262	10.2
-1.265	10.2
-1.268	10.2
-1.271	10.2
-1.274	10.2
-1.277	10.2
-1.280	10.2
-1.283	10.2
-1.286	10.2
-1.289	10.2
-1.292	10.2
-1.295	10.2
-1.298	10.2
-1.301	10.2
-1.304	10.2
-1.307	10.2
-1.310	10.2
-1.313	10.2
-1.316	10.2
-1.319	10.2
-1.322	10.2
-1.325	10.2
-1.328	10.2
-1.331	10.2
-1.334	10.2
-1.337	10.2
-1.340	10.2
-1.343	10.2
-1.346	10.2
-1.349	10.2
-1.352	10.3
-1.354	10.3
-1.357	10.3
-1.360	10.3
-1.363	10.3
-1.366	10.2
-1.369	10.2
-1.372	10.2
-1.375	10.3
-1.378	10.3
-1.381	10.3
-1.384	10.3
-1.387	10.3
-1.390	10.3
-1.393	10.3
-1.396	10.3
-1.399	10.3
-1.402	10.3
-1.405	10.3
-1.408	10.2
-1.411	10.2
-1.414	10.3
-1.417	10.3
-1.420	10.3
-1.423	10.3
-1.426	10.3
-1.429	10.3
-1.432	10.3
-1.435	10.3
-1.438	10.3
-1.441	10.3
-1.444	10.3
-1.447	10.3
-1.449	10.3
-1.452	10.3
-1.455	10.3
-1.458	10.3
-1.461	10.3
-1.464	10.3
-1.467	10.3
-1.470	10.3
-1.473	10.3
-1.476	10.3
-1.479	10.3
-1.482	10.3
-1.485	10.3
-1.488	10.3
-1.491	10.3
-1.494	10.3
-1.497	10.3
-1.500	10.3
-1.503	10.3
-1.506	10.3
-1.509	10.3
-1.512	10.3
-1.515	10.3
-1.518	10.3
-1.521	10.8
-1.524	10.6
-1.527	10.4
-1.530	10.4
-1.533	10.3
-1.536	10.3
-1.539	10.3
-1.542	10.3
-1.544	10.3
-1.547	10.3
-1.550	10.3
-1.553	10.3
-1.556	10.3
-1.559	10.3
-1.562	10.3
-1.565	10.3
-1.568	10.3
-1.571	10.3
-1.574	10.3
-1.577	10.3
-1.580	10.3
-1.583	10.3
-1.586	10.2
-1.589	10.3
-1.592	10.2
-1.595	10.2
-1.598	10.2
-1.601	10.2
-1.604	10.2
-1.607	10.2
-1.610	10.2
-1.613	10.3
-1.616	10.3
-1.619	10.3
-1.622	10.3
-1.625	10.3
-1.628	10.3
-1.631	10.3
-1.634	10.3
-1.637	10.3
-1.639	10.3
-1.642	10.3
-1.645	10.3
-1.648	10.3
-1.651	10.3
-1.654	10.3
-1.657	10.3
-1.660	10.3
-1.663	10.3
-1.666	10.3
-1.669	10.3
-1.672	10.3
-1.675	10.3
-1.678	10.3
-1.681	10.3
-1.684	10.3
-1.687	10.3
-1.690	10.3
-1.693	10.3
-1.696	10.3
-1.699	10.3
-1.702	10.3
-1.705	10.3
-1.708	10.2
-1.711	10.2
-1.714	10.2
-1.717	10.3
-1.720	10.3
-1.723	10.3
-1.726	10.3
-1.729	10.3
-1.732	10.2
-1.734	10.2
-1.737	10.3
-1.740	10.3
-1.743	10.2
-1.746	10.3
-1.749	10.3
-1.752	10.3
-1.755	10.3
-1.758	10.3
-1.761	10.3
-1.764	10.3
-1.767	10.3
-1.770	10.3
-1.773	10.3
-1.776	10.3
-1.779	10.3
-1.782	10.3
-1.785	10.3
-1.788	10.3
-1.791	10.3
-1.794	10.3
-1.797	10.3
-1.800	10.3
-1.803	10.3
-1.806	10.3
-1.809	10.3
-1.812	10.3
-1.815	10.3
-1.818	10.3
-1.821	10.3
-1.824	10.3
-1.826	10.3
-1.829	10.3
-1.832	10.3
-1.835	10.3
-1.838	10.3
-1.841	10.3
-1.844	10.3
-1.847	10.3
-1.850	10.3
-1.853	10.3
-1.856	10.3
-1.859	10.3
-1.862	10.3
-1.865	10.3
-1.868	10.3
-1.871	10.3
-1.874	10.3
-1.877	10.3
-1.880	10.3
-1.883	10.3
-1.886	10.3
-1.889	10.3
-1.892	10.3
-1.895	10.3
-1.898	10.3
-1.901	10.3
-1.904	10.3
-1.907	10.3
-1.910	10.3
-1.913	10.3
-1.916	10.3
-1.918	10.3
-1.921	10.3
-1.924	10.3
-1.927	10.3
-1.930	10.3
-1.933	10.3
-1.936	10.3
-1.939	10.3
-1.942	10.3
-1.945	10.3
-1.948	10.3
-1.951	10.3
-1.954	10.3
-1.957	10.3
-1.960	10.3
-1.963	10.3
-1.966	10.3
-1.969	10.3
-1.972	10.3
-1.975	10.3
-1.978	10.3
-1.981	10.3
-1.984	10.3
-1.987	10.3
-1.990	10.3
-1.993	10.3
-1.996	10.3
-1.999	10.3
-2.002	10.3
-2.005	10.3
-2.008	10.3
-2.010	10.3
-2.013	10.3
-2.016	10.3
-2.019	10.3
-2.022	10.3
-2.025	10.3
-2.028	10.3
-2.031	10.3
-2.034	10.3
-2.037	10.3
-2.040	10.4
-2.043	10.4
-2.046	10.4
-2.049	10.4
-2.052	10.3
-2.055	10.3
-2.058	10.4
-2.061	10.4
-2.064	10.3
-2.067	10.3
-2.070	10.3
-2.073	10.3
-2.076	10.4
-2.079	10.4
-2.082	10.3
-2.085	10.3
-2.088	10.3
-2.091	10.3
-2.094	10.3
-2.097	10.3
-2.099	10.4
-2.102	10.4
-2.105	10.4
-2.108	10.4
-2.111	10.4
-2.114	10.4
-2.117	10.4
-2.120	10.4
-2.123	10.4
-2.126	10.4
-2.129	10.4
-2.132	10.4
-2.135	10.4
-2.138	10.4
-2.141	10.4
-2.144	10.4
-2.147	10.4
-2.150	10.4
-2.153	10.4
-2.156	10.4
-2.159	10.4
-2.162	10.4
-2.165	10.4
-2.168	10.4
-2.171	10.4
-2.174	10.4
-2.177	10.4
-2.180	10.4
-2.183	10.4
-2.186	10.4
-2.188	10.4
-2.191	10.4
-2.194	10.4
-2.197	10.4
-2.200	10.4
-2.203	10.4
-2.206	10.4
-2.209	10.4
-2.212	10.4
-2.215	10.4
-2.218	10.4
-2.221	10.4
-2.224	10.4
-2.227	10.4
-2.230	10.4
-2.233	10.4
-2.236	10.4
-2.239	10.4
-2.242	10.4
-2.245	10.4
-2.248	10.4
-2.251	10.4
-2.254	10.4
-2.257	10.4
-2.260	10.4
-2.263	10.4
-2.266	10.4
-2.269	10.4
-2.272	10.4
-2.275	10.4
-2.277	10.4
-2.280	10.4
-2.283	10.4
-2.286	10.4
-2.289	10.4
-2.292	10.4
-2.295	10.4
-2.298	10.4
-2.301	10.4
-2.304	10.4
-2.307	10.4
-2.310	10.4
-2.313	10.4
-2.316	10.4
-2.319	10.4
-2.322	10.4
-2.325	10.4
-2.328	10.4
-2.331	10.4
-2.334	10.4
-2.337	10.4
-2.340	10.4
-2.343	10.4
-2.346	10.4
-2.349	10.4
-2.352	10.4
-2.355	10.4
-2.358	10.4
-2.361	10.4
-2.363	10.4
-2.366	10.4
-2.369	10.4
-2.372	10.4
-2.375	10.4
-2.378	10.4
-2.381	10.4
-2.384	10.4
-2.387	10.4
-2.390	10.4
-2.393	10.4
-2.396	10.5
-2.399	10.5
-2.402	10.5
-2.405	10.5
-2.408	10.5
-2.411	10.5
-2.414	10.5
-2.417	10.5
-2.420	10.5
-2.423	10.5
-2.426	10.5
-2.429	10.5
-2.432	10.5
-2.435	10.5
-2.438	10.5
-2.441	10.5
-2.444	10.5
-2.447	10.5
-2.449	10.5
-2.452	10.5
-2.455	10.5
-2.458	10.5
-2.461	10.5
-2.464	10.5
-2.467	10.5
-2.470	10.5
-2.473	10.5
-2.476	10.5
-2.479	10.5
-2.482	10.5
-2.485	10.5
-2.488	10.5
-2.491	10.5
-2.494	10.5
-2.497	10.5
-2.500	10.5
-2.503	10.5
-2.506	10.5
-2.509	10.5
-2.512	10.5
-2.515	10.5
-2.518	10.5
-2.521	10.5
-2.524	10.5
-2.527	10.4
-2.530	10.4
-2.533	10.5
-2.535	10.4
-2.538	10.4
-2.541	10.4
-2.544	10.5
-2.547	10.4
-2.550	10.4
-2.553	10.4
-2.556	10.4
-2.559	10.4
-2.562	10.5
-2.565	10.5
-2.568	10.4
-2.571	10.4
-2.574	10.5
-2.577	10.4
-2.580	10.5
-2.583	10.5
-2.586	10.5
-2.589	10.5
-2.592	10.5
-2.595	10.5
-2.598	10.5
-2.601	10.5
-2.604	10.5
-2.607	10.5
-2.610	10.5
-2.613	10.5
-2.616	10.5
-2.619	10.5
-2.621	10.5
-2.624	10.5
-2.627	10.5
-2.630	10.4
-2.633	10.4
-2.636	10.4
-2.639	10.4
-2.642	10.4
-2.645	10.5
-2.648	10.5
-2.651	10.5
-2.654	10.5
-2.657	10.5
-2.660	10.5
-2.663	10.5
-2.666	10.5
-2.669	10.5
-2.672	10.5
-2.675	10.5
-2.678	10.5
-2.681	10.5
-2.684	10.5
-2.687	10.5
-2.690	10.5
-2.693	10.5
-2.696	10.5
-2.699	10.5
-2.702	10.5
-2.704	10.5
-2.707	10.5
-2.710	10.5
-2.713	10.5
-2.716	10.5
-2.719	10.5
-2.722	10.5
-2.725	10.5
-2.728	10.5
-2.731	10.5
-2.734	10.5
-2.737	10.5
-2.740	10.5
-2.743	10.5
-2.746	10.5
-2.749	10.5
-2.752	10.5
-2.755	10.5
-2.758	10.5
-2.761	10.5
-2.764	10.5
-2.767	10.5
-2.770	10.5
-2.773	10.5
-2.776	10.5
-2.779	10.5
-2.782	10.5
-2.785	10.5
-2.787	10.5
-2.790	10.5
-2.793	10.5
-2.796	10.5
-2.799	10.5
-2.802	10.5
-2.805	10.5
-2.808	10.5
-2.811	10.5
-2.814	10.5
-2.817	10.5
-2.820	10.5
-2.823	10.5
-2.826	10.5
-2.829	10.5
-2.832	10.5
-2.835	10.5
-2.838	10.5
-2.841	10.6
-2.844	10.6
-2.847	10.6
-2.850	10.6
-2.853	10.6
-2.856	10.6
-2.859	10.6
-2.862	10.5
-2.865	10.6
-2.867	10.6
-2.870	10.6
-2.873	10.6
-2.876	10.6
-2.879	10.6
-2.882	10.6
-2.885	10.6
-2.888	10.6
-2.891	10.6
-2.894	10.6
-2.897	10.6
-2.900	10.6
-2.903	10.6
-2.906	10.6
-2.909	10.6
-2.912	10.6
-2.915	10.6
-2.918	10.6
-2.921	10.6
-2.924	10.6
-2.927	10.6
-2.930	10.6
-2.933	10.6
-2.936	10.6
-2.939	10.6
-2.942	10.6
-2.945	10.6
-2.947	10.6
-2.950	10.6
-2.953	10.6
-2.956	10.6
-2.959	10.6
-2.962	10.6
-2.965	10.6
-2.968	10.6
-2.971	10.6
-2.974	10.6
-2.977	10.6
-2.980	10.6
-2.983	10.6
-2.986	10.6
-2.989	10.6
-2.992	10.6
-2.995	10.6
-2.998	10.6
-3.001	10.6
-3.004	10.6
-3.007	10.6
-3.010	10.6
-3.013	10.6
-3.016	10.6
-3.019	10.6
-3.022	10.6
-3.025	10.6
-3.027	10.6
-3.030	10.6
-3.033	10.6
-3.036	10.6
