9.783740129217516346e-01 3.770988275835086001e-01
9.882896625987078743e-01 3.222399578439185119e-01
9.529791816223976975e-01 3.028576692421562910e-01
9.230078966259871454e-01 2.922829905262726014e-01
9.297828427853553901e-01 2.879108818852168517e-01
9.195979899497487287e-01 2.865791419513927241e-01
9.296033740129218126e-01 2.857614764137417773e-01
9.023241206030151451e-01 2.856584634326204131e-01
8.857232591529073940e-01 2.861928432721875248e-01
8.843323761665470295e-01 2.912578132622279381e-01
9.250717875089734532e-01 2.964693786484796090e-01
9.438262742282842455e-01 2.931184852337330726e-01
9.159188801148600012e-01 2.900320578378269287e-01
8.954594400574300561e-01 2.875795564795908810e-01
9.124192390524048513e-01 2.852865271402061920e-01
8.908829863603733301e-01 2.851191310458839334e-01
9.261486001435750293e-01 2.887057657058890725e-01
8.773779612347452073e-01 3.009529196008445262e-01
9.283919597989950256e-01 3.512039394541204285e-01
9.047020818377602414e-01 3.686794973957030486e-01
9.249820531227566089e-01 3.323897080126765879e-01
9.544597989949749062e-01 3.169610378161644704e-01
9.247577171572146648e-01 2.962435424975596310e-01
9.419418521177315151e-01 2.891381230737687380e-01
8.949659009332378012e-01 2.902613607717653976e-01
9.197774587221823062e-01 3.016601433366202234e-01
9.211234745154343040e-01 3.048203636853488163e-01
9.090093323761665456e-01 3.080915210906697843e-01
9.041188083273510312e-01 3.196017359668338331e-01
9.452620244077531986e-01 3.128623097788539864e-01
9.614590811198850950e-01 3.002759064028015512e-01
9.459350323043790310e-01 2.937474587242338009e-01
9.356155778894472697e-01 2.866301531872365582e-01
9.519472361809044880e-01 2.846199142912186897e-01
9.625807609475951487e-01 2.838814895082765188e-01
9.683237616654701840e-01 2.838086870648878213e-01
9.720926058865757557e-01 2.844515276874626242e-01
9.772074659009332143e-01 2.863047708382136514e-01
9.458901651112706643e-01 2.872328781777399587e-01
9.629845656855706704e-01 2.854554089986791610e-01
1.000000000000000000e+00 2.844426131025578619e-01
9.807071069633885863e-01 2.834392270460582286e-01
9.767139267767408484e-01 2.827220982159440177e-01
9.535624551328069076e-01 2.829637825178056842e-01
9.500628140703517577e-01 2.827240792348116871e-01
9.002153625269203596e-01 2.830172700272340358e-01
9.369167264895907898e-01 2.828622553008350859e-01
9.648689877961235117e-01 2.823382758103234469e-01
9.717336683417086007e-01 2.826096753952009322e-01
9.727656137832016991e-01 2.825329109140767847e-01
9.478194544149319833e-01 2.824323742065401044e-01
9.455312275664035093e-01 2.825031956310609660e-01
9.695351758793969710e-01 2.819846639424355983e-01
9.633883704235463030e-01 2.817781427254758553e-01
9.842516152189518808e-01 2.818182583575472022e-01
9.995513280689160007e-01 2.819554439141366831e-01
9.338208901651112726e-01 2.817925051122668334e-01
9.554468772433598600e-01 2.818707553575416913e-01
9.372307968413495782e-01 2.821713749707181473e-01
9.572864321608040017e-01 2.821738512443027758e-01
9.772972002871500585e-01 2.820237890650730272e-01
9.647792534099066675e-01 2.821362118858161128e-01
9.717336683417086007e-01 2.823466951405112502e-01
9.576453697056712677e-01 2.825566831404894841e-01
9.585427135678391553e-01 2.820292368669592986e-01
9.535624551328069076e-01 2.819078994613114508e-01
9.471015793251974513e-01 2.829568489517687024e-01
9.541905958363244844e-01 2.832440966875878763e-01
9.667534099066763531e-01 2.917877358093428630e-01
9.533381191672648525e-01 3.036837541099950966e-01
9.680545585068198733e-01 3.004824276197612387e-01
9.319364680545585422e-01 2.980150686200173094e-01
9.373653984206747891e-01 3.023183368554198114e-01
9.084709260588658131e-01 3.146793993352691721e-01
9.314429289303661763e-01 3.188316148820080631e-01
9.309493898061736994e-01 3.067147129776050529e-01
9.596643933955492090e-01 2.963133734126467411e-01
9.257447954055993966e-01 2.873215287720704558e-01
9.392946877243359971e-01 2.829801259234643873e-01
9.580043072505384227e-01 2.817622945745341112e-01
9.308596554199569661e-01 2.809788016123513366e-01
9.393844221105527303e-01 2.810669569519648192e-01
9.587670495333812104e-01 2.814844566783366031e-01
9.969490308686288493e-01 2.808990656029255462e-01
9.303661162957646003e-01 2.806682769048363113e-01
9.318916008614500646e-01 2.813185463481651105e-01
9.184763101220387860e-01 2.807490034236959087e-01
9.222451543431444687e-01 2.811600648387476142e-01
9.071697774587221819e-01 2.811907706311971844e-01
8.804289303661163579e-01 2.820728192820490809e-01
8.882806891600861787e-01 2.859447206590057800e-01
9.306801866475233886e-01 2.984568358275186961e-01
8.920046661880832728e-01 3.051427745060700802e-01
8.962670495333812104e-01 2.945705720637709635e-01
9.022792534099066675e-01 2.907130330736052426e-01
8.668341708542713908e-01 2.837195412158404761e-01
8.858129935391242382e-01 2.814126447443817680e-01
9.318467336683416979e-01 2.808019956784074123e-01
8.627512562814070307e-01 2.810312986123458812e-01
8.838388370423546636e-01 2.808876747444362110e-01
8.890882986360373330e-01 2.821792990461889916e-01
8.876076812634601243e-01 2.829434770744115868e-01
8.827171572146448320e-01 2.823778961876777793e-01
8.623474515434315091e-01 2.816409571688863744e-01
8.654432878679110264e-01 2.816835490745423498e-01
8.371769562096194051e-01 2.825898652065236827e-01
8.664303661162957582e-01 2.833386903385214373e-01
8.734296482412061691e-01 2.826572198480262199e-01
8.920046661880832728e-01 2.814388932443789848e-01
8.827620244077530876e-01 2.804483838105195637e-01
8.531496769562096905e-01 2.794078536502501708e-01
8.403625269203158776e-01 2.796658813577705960e-01
8.547648959081122211e-01 2.797134258105957727e-01
8.386575735821967248e-01 2.796827200181461470e-01
8.681801866475233886e-01 2.797674085747411943e-01
8.575915290739412056e-01 2.791884558106503267e-01
8.719041636755204827e-01 2.801705459143220001e-01
8.471374730796841224e-01 2.802542439614831293e-01
8.937096195262024256e-01 2.802596917633693452e-01
8.847361809045226622e-01 2.800814000652746549e-01
8.736988513998564798e-01 2.795980314615512108e-01
8.866654702081836481e-01 2.809589914236741426e-01
8.527010050251256912e-01 2.842440159610690187e-01
8.730258435032304254e-01 3.006567572801205901e-01
8.572774587221824172e-01 3.776252833476049231e-01
8.509511844938980607e-01 4.069899260238029060e-01
8.723977027997128486e-01 3.509751317748988075e-01
8.497397702799711627e-01 3.274277510037574834e-01
8.397792534099066675e-01 2.949945101014628812e-01
8.742821249102655790e-01 2.833669198573864900e-01
8.322864321608040017e-01 2.807212691595478704e-01
8.404522613065327219e-01 2.800150359332060357e-01
8.474515434314429108e-01 2.795093808672207691e-01
8.620333811916727207e-01 2.792454101030972247e-01
8.333632447954055777e-01 2.792622487634728312e-01
8.218323761665470295e-01 2.786694288673079445e-01
7.775484565685570892e-01 2.793370322257291982e-01
7.862975592246947976e-01 2.797733516313442581e-01
7.538137114142139383e-01 2.790656326408517129e-01
7.740936826992104169e-01 2.794539123389245816e-01
7.850412778176597550e-01 2.788219673201222659e-01
8.299533381191672721e-01 2.785708731786389336e-01
8.033919597989950256e-01 2.784148679428060102e-01
8.072954055994256972e-01 2.784579551031789446e-01
8.328248384781048452e-01 2.787268784144718015e-01
8.501884422110552730e-01 2.783148264899862334e-01
8.649048815506101828e-01 2.782256806409388328e-01
8.373564249820532046e-01 2.780369885937886143e-01
8.267229002153625439e-01 2.777819324145698321e-01
8.203517587939699318e-01 2.782197375843357134e-01
8.317031586503949026e-01 2.779314993390825661e-01
8.234924623115578157e-01 2.781885365371691843e-01
8.497397702799712738e-01 2.788828836503046138e-01
8.129486719310839993e-01 2.788799121220030819e-01
8.240308686288586593e-01 2.806900681123812302e-01
8.212939698492462970e-01 2.913553784414631420e-01
8.359655419956929512e-01 3.011336875725239004e-01
7.842336683417083787e-01 2.923240966677777553e-01
8.222810480976310288e-01 2.869312680551297512e-01
8.041547020818378133e-01 2.818385638009412997e-01
8.077889447236181741e-01 2.790463177068914780e-01
7.911432160804020564e-01 2.789324091219975710e-01
8.023151471643934496e-01 2.805434727161700836e-01
8.210247666905959862e-01 2.926098586394461631e-01
7.996679827709979316e-01 3.072124439681194752e-01
8.520279971284996368e-01 3.008647642612309880e-01
8.465541995692750232e-01 3.023406233176816338e-01
8.730707106963389030e-01 3.064477706851799210e-01
8.429648241206030290e-01 2.960310782239968241e-01
7.609027279253410825e-01 2.900236385076390699e-01
7.901561378320172135e-01 2.829717065932765840e-01
8.387921751615219357e-01 2.794286543483612273e-01
8.548097631012203657e-01 2.782236996220711633e-01
7.985463029432878779e-01 2.779285278107810342e-01
8.256909547738693345e-01 2.778235338107919450e-01
8.192749461593682447e-01 2.773282790938622067e-01
8.193646805455850890e-01 2.769419804146569519e-01
8.503230437903804839e-01 2.768642254240990530e-01
7.802853553481694515e-01 2.769087983486227533e-01
8.145638908829864189e-01 2.771341392448257168e-01
8.253768844221105461e-01 2.766052072071448209e-01
8.349335965541996307e-01 2.763699612166031772e-01
8.570082555635317734e-01 2.769335610844691486e-01
8.871141421392677584e-01 2.769152366599427761e-01
8.639178033022254510e-01 2.769994299618208089e-01
8.572774587221824172e-01 2.769994299618208644e-01
8.450287150035894479e-01 2.774397114051714297e-01
8.634242641780330851e-01 2.779072318579530743e-01
8.562006460875807301e-01 2.793741763294989577e-01
8.658470926058865480e-01 2.789096274050188451e-01
8.593862167982770917e-01 2.786976583861728862e-01
8.726220387652549038e-01 2.793702142917634523e-01
8.640524048815506619e-01 2.812373245745885542e-01
8.685839913854989103e-01 2.961915407522820454e-01
9.003499641062455705e-01 3.429638914738433741e-01
8.471374730796841224e-01 3.401384633137592983e-01
8.421572146446518747e-01 3.120070048827162656e-01
8.605527638190955120e-01 2.969141173842825276e-01
8.347989949748744198e-01 2.821743464990196237e-01
8.634691313711414518e-01 2.786040552446732432e-01
8.356514716439339407e-01 2.770222116787996458e-01
8.704684134960517516e-01 2.765670725939411989e-01
8.323761665470208460e-01 2.790953479238675317e-01
8.752692031586504218e-01 2.760113968015460717e-01
8.410804020100502987e-01 2.758266667921311921e-01
8.841529073941134520e-01 2.762778438392542446e-01
8.642318736539842394e-01 2.757276158487452777e-01
8.740129217516152682e-01 2.757335589053484526e-01
8.563352476669059410e-01 2.761248101317229642e-01
9.141690595836324817e-01 2.763427222071719869e-01
8.953697056712132119e-01 2.761515538864370845e-01
8.951902368987796343e-01 2.756766046129015546e-01
8.826274228284276546e-01 2.762055366505825060e-01
8.850502512562812285e-01 2.762223753109581126e-01
8.955491744436467894e-01 2.759688048958900408e-01
8.853643216080403500e-01 2.755919160563065629e-01
9.051507537688442406e-01 2.753626131223680940e-01
9.217067480258435141e-01 2.757523785845917841e-01
8.772882268485283630e-01 2.761510586317202365e-01
8.964913854989231545e-01 2.755646770468754281e-01
9.049264178033021855e-01 2.753264595280321969e-01
8.693018664752333313e-01 2.752764388016223362e-01
8.513549892318736934e-01 2.756929480185602022e-01
8.899407753050969649e-01 2.753824233110452879e-01
8.995423546302943052e-01 2.759717764241916838e-01
8.946069633883704242e-01 2.788328629238947531e-01
8.761216798277100537e-01 2.790735567163225572e-01
8.704235463029432740e-01 2.776630712825067238e-01
9.067659727207466602e-01 2.771549399429367733e-01
9.187903804737975744e-01 2.782994735937614483e-01
9.050610193826273964e-01 2.854336177911342420e-01
8.623923187365398757e-01 2.858748897439187253e-01
8.640524048815506619e-01 2.813789674236305549e-01
8.649497487437187715e-01 2.789745057729365874e-01
8.846464465183058179e-01 2.762397092260506781e-01
9.340452261306533277e-01 2.752482092827573390e-01
8.890882986360373330e-01 2.751942265186119174e-01
9.117462311557789079e-01 2.748480434714780096e-01
9.253409906676238750e-01 2.748752824809091999e-01
9.086952620244077572e-01 2.747985179997850524e-01
9.112526920315866530e-01 2.750857657356043373e-01
8.892229002153625439e-01 2.766482943675176442e-01
8.697056712132087419e-01 2.853360526118991491e-01
8.653984206748026597e-01 3.364760546820638187e-01
8.457465900933237579e-01 4.285285536630772385e-01
8.850502512562814506e-01 4.107439567781303591e-01
8.756281407035175768e-01 3.841255015073077317e-01
8.694364680545585422e-01 3.332994909276765227e-01
9.229181622397703011e-01 3.004517218273116130e-01
8.964913854989231545e-01 2.844936243384015850e-01
8.739680545585067906e-01 2.774476354806422740e-01
8.889536970567121221e-01 2.759534519996652002e-01
8.720387652548456936e-01 2.747950512167666171e-01
8.623025843503230314e-01 2.748827113016631962e-01
8.692569992821247427e-01 2.744206386507677120e-01
8.484386216798277536e-01 2.746217120658411837e-01
8.853194544149318723e-01 2.746251788488597301e-01
8.824479540559942992e-01 2.748955879243033529e-01
8.873833452979181802e-01 2.749312462639222354e-01
8.776022972002871514e-01 2.753784612733098380e-01
8.698851399856425415e-01 2.756751188487506776e-01
8.477656137832016991e-01 2.802334432633720729e-01
8.526112706389088469e-01 3.084069983453540109e-01
8.612257717157214554e-01 4.524141934058815706e-01
8.288316582914573294e-01 5.610270196115916264e-01
8.651292175161522380e-01 4.442697295859720508e-01
8.644562096195261836e-01 3.843676810638863572e-01
8.680904522613065444e-01 3.127548395052801578e-01
9.038047379755922428e-01 2.846189237817848827e-01
8.423366834170854522e-01 2.785733494522235620e-01
8.541816223977027889e-01 2.757053293864834553e-01
8.500089734386216955e-01 2.758811448109935172e-01
8.579055994256999940e-01 2.758004182921339198e-01
8.361001435750179400e-01 2.748891496129832190e-01
8.433686288585786617e-01 2.747489925280921508e-01
8.711414213926776950e-01 2.760217971506014889e-01
8.675969131371142895e-01 2.857931727156252100e-01
8.523869346733669028e-01 3.393831998704413544e-01
8.654432878679110264e-01 4.526459726134046679e-01
8.593862167982770917e-01 4.160580398907864352e-01
8.135319454414932094e-01 3.583757230099798852e-01
8.375807609475951487e-01 3.165930635614856992e-01
8.488872936109117529e-01 2.854786859703749013e-01
8.479450825556353877e-01 2.783935719899780503e-01
8.168072505384063042e-01 2.756825476695046739e-01
8.900305096913136982e-01 2.762634814524632110e-01
8.585786073223259374e-01 2.739719378772293989e-01
8.665201005025126024e-01 2.743379311130404452e-01
8.791277817659727267e-01 2.735167987923708965e-01
8.245244077530510252e-01 2.736668609716006451e-01
8.290559942569992735e-01 2.736584416414127863e-01
8.491116295764536970e-01 2.733885278206861780e-01
8.769741564967695746e-01 2.739367747923273089e-01
7.834260588657574464e-01 2.758385529053375418e-01
8.180635319454413468e-01 2.773292696032960691e-01
8.051417803302225451e-01 2.758895641411813204e-01
8.386575735821966138e-01 2.744097430469952248e-01
8.378948312993539371e-01 2.737228247546137361e-01
8.097631012203876377e-01 2.728591005282882120e-01
8.299982053122756387e-01 2.739100310376131331e-01
8.037060301507538140e-01 2.734504346603023328e-01
8.157304379038047282e-01 2.729695423301635726e-01
7.864321608040200084e-01 2.730532403773246464e-01
7.760678391959799916e-01 2.733850610376676316e-01
7.527817659727208399e-01 2.733078013018265806e-01
8.044239052404883461e-01 2.732770955093768994e-01
8.378050969131370929e-01 2.745964540752777738e-01
8.396895190236899342e-01 2.745172133205689424e-01
7.971554199569274024e-01 2.740680172923136704e-01
8.032124910265614481e-01 2.735316564338788337e-01
8.170764536970567260e-01 2.731666537075015944e-01
7.988603732950466663e-01 2.732389608961733329e-01
8.240757358219668038e-01 2.727446966886774571e-01
7.839644651830581790e-01 2.730185725471396263e-01
7.757089016511127255e-01 2.730700790377003084e-01
8.049623115577889676e-01 2.729992576131793358e-01
7.893933955491744259e-01 2.728026414905582175e-01
7.885409188801146829e-01 2.724411055471995247e-01
7.644921033740129657e-01 2.722826240377820284e-01
7.794328786791098196e-01 2.731052421226022875e-01
7.307519741564968419e-01 2.726669416981194471e-01
7.744526202440775720e-01 2.725054886604003634e-01
7.732412060301507850e-01 2.728595957830051710e-01
8.128589375448670440e-01 2.725916629811462322e-01
7.852207465900933325e-01 2.723128345755147506e-01
7.592426417803302963e-01 2.727892696132011019e-01
7.416098348887294467e-01 2.724430865660672496e-01
7.706837760229720002e-01 2.722563755377847006e-01
7.728822684852834080e-01 2.738639723489386668e-01
8.055007178750895891e-01 2.790453271974575600e-01
7.846374730796841224e-01 2.799739297917008818e-01
7.683506819813352706e-01 2.764501924807457600e-01
7.730617372577172075e-01 2.752967442450164337e-01
7.594221105527638738e-01 2.733984329150247472e-01
7.798366834170854522e-01 2.727957079245212357e-01
7.732412060301507850e-01 2.726728847547226775e-01
7.668700646087580619e-01 2.725560046415272386e-01
7.829325197415649695e-01 2.723821702358849017e-01
7.731066044508254631e-01 2.727050763113231246e-01
7.409368269921033923e-01 2.723643410660753772e-01
7.706389088298636336e-01 2.722033832830733080e-01
7.931622397702798866e-01 2.720874936793117316e-01
7.638190954773870223e-01 2.724851832170063215e-01
7.661521895190237519e-01 2.725574904056780601e-01
7.693826274228284801e-01 2.743404073866251291e-01
7.631012203876526012e-01 2.756221265940392851e-01
7.561019382627423013e-01 2.780117306032252600e-01
7.508973438621679986e-01 2.770752039335110384e-01
7.715362526920316322e-01 2.748564628016658129e-01
7.768305814788226682e-01 2.733855562923845905e-01
7.768305814788225572e-01 2.725713575377520792e-01
7.784458004307250878e-01 2.722865860755174783e-01
7.997577171572148869e-01 2.721043323396873381e-01
7.703248384781048452e-01 2.721494005189279419e-01
8.122307968413496893e-01 2.720191485283754429e-01
7.824838478104809703e-01 2.718943443397091042e-01
7.649856424982053316e-01 2.728204706603677421e-01
7.242462311557789079e-01 2.738946781413883480e-01
7.314249820531227853e-01 2.742913771696490755e-01
7.009601579325197562e-01 2.732483707357950542e-01
7.363155061019382996e-01 2.733464311697471061e-01
7.412957645369704363e-01 2.734068522452125505e-01
7.324120603015074060e-01 2.748945974148694904e-01
7.576722900215361323e-01 2.749144076035466844e-01
7.571787508973437664e-01 2.739234029149702487e-01
7.867013639626705412e-01 2.731235665471287710e-01
7.855348169418521209e-01 2.725233178302098880e-01
7.883165829145728498e-01 2.732379703867394705e-01
7.873295046661881180e-01 2.789616291502964307e-01
7.954055994256999940e-01 3.191708643631049891e-01
8.025843503230438714e-01 4.000221874113185083e-01
7.875089734386216955e-01 3.739475218196847695e-01
8.044687724335966017e-01 3.303022093808176685e-01
8.164931801866475158e-01 3.010460274876273767e-01
8.035265613783200145e-01 2.795054188294852637e-01
7.974246231155779352e-01 2.750565457073054776e-01
8.063980617372576987e-01 2.738273234998858663e-01
7.993987796123475098e-01 2.737054908395211150e-01
7.699659009332376902e-01 2.741764780753213615e-01
7.739142139267767284e-01 2.734405295659637636e-01
7.395010768126346612e-01 2.730061911792163176e-01
7.585696338837041308e-01 2.721602961227003736e-01
7.568646805455850890e-01 2.721895161509992334e-01
7.572684852835607217e-01 2.721355333868538673e-01
7.917713567839196331e-01 2.719453555755528273e-01
7.931622397702799976e-01 2.717452726699132182e-01
7.905599425699928462e-01 2.722400321321260530e-01
8.016870064608758728e-01 2.717809310095321562e-01
8.116026561378320014e-01 2.720117197076214466e-01
7.884063173007896941e-01 2.724099045000329400e-01
7.791636755204595088e-01 2.723683031038108271e-01
8.092246949030866832e-01 2.735029316602968774e-01
7.777279253409906667e-01 2.740293874243932004e-01
7.867910983488872745e-01 2.735975253112304939e-01
7.927135678391959983e-01 2.730160962735549979e-01
8.246590093323762360e-01 2.754889030751851986e-01
7.727476669059584191e-01 2.937048668185778810e-01
8.051417803302225451e-01 3.180099873066216110e-01
8.128589375448672660e-01 3.030220938081770177e-01
7.856245513280689652e-01 2.910676354509270092e-01
7.806891600861450842e-01 2.805781405463551592e-01
7.937006460875808411e-01 2.777918375089084013e-01
8.031676238334529705e-01 2.868951144607939097e-01
8.155061019382627840e-01 2.856554919043187701e-01
8.295046661880832728e-01 2.792622487634728312e-01
7.857142857142856984e-01 2.759549377638160772e-01
7.844580043072505449e-01 2.728298804999894078e-01
7.882717157214644832e-01 2.722360700943906586e-01
7.717157214644652097e-01 2.721092848868565950e-01
7.746320890165111495e-01 2.726614938962332313e-01
7.731963388370424184e-01 2.732201412169300569e-01
7.945082555635319954e-01 2.730898892263774469e-01
7.612167982770998709e-01 2.718780009340504011e-01
7.779522613065327219e-01 2.713148963209012776e-01
7.953158650394831497e-01 2.712232741982693041e-01
8.087760229720029059e-01 2.720721407830868355e-01
7.440775305096913872e-01 2.709276071322622714e-01
7.312455132806892077e-01 2.710732120190396111e-01
7.373923187365397647e-01 2.717522062359503110e-01
7.484296482412060580e-01 2.713867082548561682e-01
7.184583632447953949e-01 2.711608721039361347e-01
7.173815506101937078e-01 2.711049083209231547e-01
6.907304379038047282e-01 2.714327669435305790e-01
6.619256999282123743e-01 2.716749465001092601e-01
7.586593682699210861e-01 2.710147719624419471e-01
6.012203876525484825e-01 2.713163820850521546e-01
5.524048815506101828e-01 2.715902579435142128e-01
4.040290739411342424e-01 2.712609135567559671e-01
4.470567121320890291e-01 2.712336745473248878e-01
4.716888011486001231e-01 2.713525356793879961e-01
5.241385498923187836e-01 2.713129153020335527e-01
5.938173007896625499e-01 2.718056937453787181e-01
6.559583632447953949e-01 2.710534018303624171e-01
6.608040201005025427e-01 2.712302077643063414e-01
6.464016511127063103e-01 2.712688376322268669e-01
6.941852117731514005e-01 2.716744512453923566e-01
7.315147164393394075e-01 2.721855541132637835e-01
7.043251974156496953e-01 2.717561682736857609e-01
7.189070351758793942e-01 2.714382147454167948e-01
7.215541995692750232e-01 2.715456850189905680e-01
7.444813352476667978e-01 2.711866253492165035e-01
7.487885857860732131e-01 2.713713553586313276e-01
7.565954773869346672e-01 2.711524527737483314e-01
7.584350323043790310e-01 2.712901335850548823e-01
7.340272792534099366e-01 2.710652879435687113e-01
7.643575017946877548e-01 2.712113880850629544e-01
7.241564967695621746e-01 2.711648341416716401e-01
7.180994256999282399e-01 2.711554243020499189e-01
7.312006460875808411e-01 2.709583129247119526e-01
7.428212491026562336e-01 2.709523698681087778e-01
7.316044508255563628e-01 2.710732120190396111e-01
7.214195979899498123e-01 2.705021833304196432e-01
7.394562096195262946e-01 2.711554243020499189e-01
7.676328068916008496e-01 2.712901335850547713e-01
7.676328068916008496e-01 2.709281023869791749e-01
7.709978463747307886e-01 2.709880282077276603e-01
7.361809045226130888e-01 2.707101903115301522e-01
7.678571428571429047e-01 2.711737487265762914e-01
7.736001435750179400e-01 2.713525356793879961e-01
7.395459440057430278e-01 2.716501837642627537e-01
7.487885857860732131e-01 2.734900550376567763e-01
7.935211773151471526e-01 2.751219193299402344e-01
7.476220387652549038e-01 2.808470638576480161e-01
7.421033740129218126e-01 3.246409527115938776e-01
7.776830581478823001e-01 4.043913245240726151e-01
7.665559942569991625e-01 3.726935368764186518e-01
7.521984924623116298e-01 3.301031169846119773e-01
7.706837760229720002e-01 2.980031825068110152e-01
7.581658291457287202e-01 2.808723218482113704e-01
7.857591529073941761e-01 2.857609811590248738e-01
7.394562096195262946e-01 3.009717392800879132e-01
7.705491744436467894e-01 2.935003266204858630e-01
7.415201005025126024e-01 2.846922214798904838e-01
7.628320172290021794e-01 2.772817251504707814e-01
7.420585068198132239e-01 2.734865882546382299e-01
7.347900215362526133e-01 2.717631018397227427e-01
7.165290739411342980e-01 2.712945908775072357e-01
7.430455850681981778e-01 2.710717262548887896e-01
7.302135678391959983e-01 2.706671031511572179e-01
7.250089734386216955e-01 2.711281852926187841e-01
7.360911701363963555e-01 2.715154744812579013e-01
7.141511127063890907e-01 2.708845199718893926e-01
7.400843503230438714e-01 2.707800212266172069e-01
6.991206030150753925e-01 2.710197245096111485e-01
7.266690595836324817e-01 2.707438676322813098e-01
7.365847092605887214e-01 2.706953326700222151e-01
7.328158650394830387e-01 2.710410204624392194e-01
7.310660445082556302e-01 2.711950446794043623e-01
7.472631012203877487e-01 2.708384612832149263e-01
7.320531227566403620e-01 2.707493154341675257e-01
7.385588657573582960e-01 2.709815898964075820e-01
7.312455132806892077e-01 2.705348701417369939e-01
7.482053122756638919e-01 2.708448995945350046e-01
7.147343862167981898e-01 2.709221593303760556e-01
7.274766690595836360e-01 2.707725924058632661e-01
7.229450825556353877e-01 2.711479954812960336e-01
7.329055994256999940e-01 2.709781231133891466e-01
7.350143575017947795e-01 2.719552606698914521e-01
7.466798277099785386e-01 2.731483292829751663e-01
7.196697774587221819e-01 2.721900114057161923e-01
7.028894472361809642e-01 2.718151035850003838e-01
7.434942569992821770e-01 2.707359435568104655e-01
7.347900215362527243e-01 2.713044959718458049e-01
7.151830581478821891e-01 2.726411884528391338e-01
7.341170136396267809e-01 2.747044196035684505e-01
7.338478104809763591e-01 2.754799884902803808e-01
7.093951902368987872e-01 2.748832065563800442e-01
7.277458722182339468e-01 2.729670660565789442e-01
7.364052404881549219e-01 2.727016095283046337e-01
7.307968413496052085e-01 2.759415658864589616e-01
7.204773869346733361e-01 2.760267496977708013e-01
7.186378320172290834e-01 2.736832043772593481e-01
7.436737257717157545e-01 2.730185725471396263e-01
7.285086145010768455e-01 2.716605841133182819e-01
7.316941852117729850e-01 2.711029273020553743e-01
7.364949748743718771e-01 2.708815484435878052e-01
7.295405599425700549e-01 2.710063526322540883e-01
7.069723618090453243e-01 2.713560024624064315e-01
7.105617372577170965e-01 2.709642559813150720e-01
7.182340272792534508e-01 2.713807651982529934e-01
7.563262742282843565e-01 2.715179507548425297e-01
7.128050969131370929e-01 2.711801870378964807e-01
7.529612347451541954e-01 2.720805601132746943e-01
7.248295046661881180e-01 2.733305830188053620e-01
7.420585068198134460e-01 2.725485758207732423e-01
7.201184493898061811e-01 2.736490318017911205e-01
7.104720028715003632e-01 2.795291910558979076e-01
7.400843503230438714e-01 2.833258137158812806e-01
7.223169418521176999e-01 2.788328629238947531e-01
6.993000717875089700e-01 2.810025738387639249e-01
7.213298636037329681e-01 2.862909037061396877e-01
7.179199569274946624e-01 2.828196633951791661e-01
7.114142139267767284e-01 2.806004270086169261e-01
7.326812634601578278e-01 2.774941894240336993e-01
7.134332376166547807e-01 2.740848559526893879e-01
7.445710696338837531e-01 2.731250523112795370e-01
7.268036611629576926e-01 2.721969449717532297e-01
7.140165111270639908e-01 2.725867104339769198e-01
7.383793969849247185e-01 2.728838632641347739e-01
7.075107681263459458e-01 2.731681394716524158e-01
7.474874371859296929e-01 2.746578656601770807e-01
7.281945441493179461e-01 2.872021723852903330e-01
7.412957645369704363e-01 3.906782166670050849e-01
7.256819813352477500e-01 8.052673310673779117e-01
6.790201005025124914e-01 1.000000000000000000e+00
7.065685570710695806e-01 7.558557679592979861e-01
6.989411342426417040e-01 5.449015260283592843e-01
7.316941852117729850e-01 3.776143877438325469e-01
7.302584350323042539e-01 3.107218188922836188e-01
7.618449389806174477e-01 2.942719334694623434e-01
7.249192390524047402e-01 2.894075416397784983e-01
7.083183776022972111e-01 2.868470747532517739e-01
7.314249820531226742e-01 2.819717873197953861e-01
7.286432160804019453e-01 2.797644370464396069e-01
7.386037329504665516e-01 2.779478427447413247e-01
7.460068198133523731e-01 2.771286914429395010e-01
7.421033740129218126e-01 2.768459009995725695e-01
7.298546302943288433e-01 2.767909277259934520e-01
7.205222541277818138e-01 2.759559282732498842e-01
7.263549892318736934e-01 2.758336003581682294e-01
7.435391241923904326e-01 2.752383041884186587e-01
7.430007178750898111e-01 2.748846923205308657e-01
7.452440775305095855e-01 2.743215877073817976e-01
7.373923187365398757e-01 2.747004575658330561e-01
7.497756640344580559e-01 2.767027723863799138e-01
7.038765254845656960e-01 2.837091408667848924e-01
7.368987796123475098e-01 2.831930854517440976e-01
7.431801866475233886e-01 2.785594823201494874e-01
7.638190954773870223e-01 2.761218386034213768e-01
7.384242641780328631e-01 2.740521691413719818e-01
7.448851399856425415e-01 2.732082551037237073e-01
7.219131371141421782e-01 2.726921996886829680e-01
7.466349605168700609e-01 2.726426742169898998e-01
7.533650394831299391e-01 2.724896405094586749e-01
7.029791816223976975e-01 2.720384634623356224e-01
6.787957645369705473e-01 2.719072209623493164e-01
7.147792534099066675e-01 2.717507204717994895e-01
7.313801148600144186e-01 2.718141130755665213e-01
7.646267049533381766e-01 2.715773813208741116e-01
7.613513998564249707e-01 2.712222836888354971e-01
7.448851399856425415e-01 2.717244719718021617e-01
7.221374730796842334e-01 2.751704542921992735e-01
7.363155061019382996e-01 3.014917567328640469e-01
7.621590093323762360e-01 3.867855145919373294e-01
7.549802584350323587e-01 4.161352996266274862e-01
7.401740847092606046e-01 3.583237212647022440e-01
7.281496769562096905e-01 3.265120250321544848e-01
7.313352476669060520e-01 2.909774990924458016e-01
7.537239770279972051e-01 2.804855279142892122e-01
7.263549892318736934e-01 2.765527102071502208e-01
7.691134242641780583e-01 2.742235272734296903e-01
7.658829863603733301e-01 2.729185310943197940e-01
7.606783919597989163e-01 2.719389172642328045e-01
7.719849246231156314e-01 2.714595106982448103e-01
7.345208183776021915e-01 2.714392052548506573e-01
7.784906676238334544e-01 2.710969842454522549e-01
7.785355348169419321e-01 2.710053621228202814e-01
7.897523330940416919e-01 2.709068064341512150e-01
7.310660445082556302e-01 2.710618211605502204e-01
7.442121320890165981e-01 2.708493568869874135e-01
7.742731514716437724e-01 2.712955813869410981e-01
7.470387652548456936e-01 2.708305372077440265e-01
7.618000717875089700e-01 2.708790721700031212e-01
7.581209619526202426e-01 2.709573224152780901e-01
7.600502512562814506e-01 2.710088289058387723e-01
7.618898061737255922e-01 2.715536090944614123e-01
7.632806891600861787e-01 2.717933123774554649e-01
7.744077530509692053e-01 2.713881940190069342e-01
7.482950466618808472e-01 2.710509255567777886e-01
7.518395549174443637e-01 2.707111808209639592e-01
7.366295764536970880e-01 2.707735829152971285e-01
7.656137832017229083e-01 2.706190634436150821e-01
7.516152189519024196e-01 2.710316106228175537e-01
7.565954773869346672e-01 2.713406495661817019e-01
7.451094759511843746e-01 2.714570344246601818e-01
7.741385498923187836e-01 2.710712310001718306e-01
7.330850681981335715e-01 2.716229447548316189e-01
7.268933955491745369e-01 2.752080936506859921e-01
7.781765972720746660e-01 3.029487961100713611e-01
7.546213208901652036e-01 4.889833064492565273e-01
7.344310839913855693e-01 6.788540598257792880e-01
7.285086145010768455e-01 5.345744746709405470e-01
7.778625269203158776e-01 4.370875456810570103e-01
7.693826274228284801e-01 3.395382145968403598e-01
7.658829863603733301e-01 3.013367420064650415e-01
7.341170136396267809e-01 2.887230996209816380e-01
7.467695620961952718e-01 2.808985703482086427e-01
7.447056712132087419e-01 2.757340541600653561e-01
7.565057430007179340e-01 2.733469264244640651e-01
7.298097631012204767e-01 2.721503910283618044e-01
7.457376166547019514e-01 2.719191070755555550e-01
7.639536970567121221e-01 2.720657024717668127e-01
7.532304379038047282e-01 2.742408611885222558e-01
7.715362526920316322e-01 2.879539690455896750e-01
7.637742282842785446e-01 2.992165565632888824e-01
7.032932519741565969e-01 2.884784437908183286e-01
7.546213208901652036e-01 2.821357166310991538e-01
7.276561378320173246e-01 2.747990132545020114e-01
7.526022972002871514e-01 2.720770933302561478e-01
7.318736539842067845e-01 2.717502252170825305e-01
7.410265613783202365e-01 2.718047032359448001e-01
7.294508255563532106e-01 2.712381318397772412e-01
7.168880114860014530e-01 2.714436625473030662e-01
7.214195979899498123e-01 2.717234814623682992e-01
7.215541995692750232e-01 2.710558781039471010e-01
7.242910983488873855e-01 2.717561682736857054e-01
7.481604450825556363e-01 2.716734607359584941e-01
7.193557071069633935e-01 2.727882791037672949e-01
7.093503230437903095e-01 2.724520011509720119e-01
7.130294328786790370e-01 2.718284754623574995e-01
7.364949748743718771e-01 2.715971915095513056e-01
7.096195262024407313e-01 2.714431672925861627e-01
6.981783919597989163e-01 2.714149377737211100e-01
7.053122756640344271e-01 2.712415986227957321e-01
6.969669777458721294e-01 2.709444457926378225e-01
6.849874371859295819e-01 2.711930636605366374e-01
7.084529791816223110e-01 2.709231498398098625e-01
6.979989231873653388e-01 2.713411448208985499e-01
7.013190954773869112e-01 2.713411448208986054e-01
7.003320172290020684e-01 2.715585616416307801e-01
7.365847092605887214e-01 2.709731705662198342e-01
6.857950466618808472e-01 2.710142767077249881e-01
6.797379755922470235e-01 2.714421767831523002e-01
7.023510409188800097e-01 2.715541043491784268e-01
6.833273510409187956e-01 2.710197245096111485e-01
6.589644651830581790e-01 2.715035883680514961e-01
7.065685570710695806e-01 2.717660733680243301e-01
6.619256999282124854e-01 2.713337160001446091e-01
6.832376166547020624e-01 2.713297539624091592e-01
7.113693467336683618e-01 2.715531138397445088e-01
6.921661880832735703e-01 2.711385856416743678e-01
7.186378320172290834e-01 2.715605426604984496e-01
6.737257717157214554e-01 2.710623164152671238e-01
6.438442211055276365e-01 2.715456850189906235e-01
6.558237616654701840e-01 2.717031760189742573e-01
6.581568557071069137e-01 2.715620284246492155e-01
6.893395549174443637e-01 2.720013193585659184e-01
6.730976310122038786e-01 2.719067257076323019e-01
6.680725053840631533e-01 2.716942614340694395e-01
6.680276381909547867e-01 2.717725116793443529e-01
6.799174443646804900e-01 2.718814677170688920e-01
6.818467336683418090e-01 2.715763908114401937e-01
6.823402727925340638e-01 2.717992554340585842e-01
6.662778176597271562e-01 2.722959959151390885e-01
6.537598707824838762e-01 2.719785376415871370e-01
6.682968413496050974e-01 2.728591005282882120e-01
6.893844221105527303e-01 2.737198532263120931e-01
6.746679827709978206e-01 2.741591441602288515e-01
6.688801148600143076e-01 2.728417666131957020e-01
6.520549174443646123e-01 2.729210073679044779e-01
6.885768126346015761e-01 2.728095750565953104e-01
6.600412778176597550e-01 2.722504324811815812e-01
6.683417085427135751e-01 2.729427985754493413e-01
6.621949030868629071e-01 2.731448624999567310e-01
6.788854989231873915e-01 2.755186183582009063e-01
6.495423546302941942e-01 2.790651373861348095e-01
6.435750179468772147e-01 2.771445395938812450e-01
6.544777458722181862e-01 2.759435469053266865e-01
6.406137832017229083e-01 2.737461017263093654e-01
6.341080402010049744e-01 2.730413542641183522e-01
6.378768844221106571e-01 2.733127538489958375e-01
6.454145728643215785e-01 2.731825018584433384e-01
6.484206748025843625e-01 2.736307073772647480e-01
6.518754486719310348e-01 2.733845657829507281e-01
6.635409188801147939e-01 2.734301292169081798e-01
6.090272792534099366e-01 2.735187798112386215e-01
6.499461593682699379e-01 2.733498979527656525e-01
6.526830581478823001e-01 2.733736701791782409e-01
6.138280689160087178e-01 2.735960395470796724e-01
6.196159368269921197e-01 2.731929022074988667e-01
6.003679109834888505e-01 2.732562948112658430e-01
6.321787508973438774e-01 2.735920775093442225e-01
6.184493898061736994e-01 2.729581514716742374e-01
6.236091170136396356e-01 2.737579878395157151e-01
6.325825556353193990e-01 2.735054079338815058e-01
6.262562814070351536e-01 2.734197288678527071e-01
6.374730796841349134e-01 2.736732992829207789e-01
6.298905240488155144e-01 2.737461017263093654e-01
6.175969131371141785e-01 2.739531181979860675e-01
6.398061737257716430e-01 2.757310826317638242e-01
6.437993539124192699e-01 2.771752453863308707e-01
6.429020100502512713e-01 2.759346323204219242e-01
6.105527638190955120e-01 2.754131291034949136e-01
6.134691313711414518e-01 2.751001281223952599e-01
6.539393395549174537e-01 2.747544403299783111e-01
6.197954055994256972e-01 2.749223316790175287e-01
6.049892318736540542e-01 2.754438348959444838e-01
6.532663316582913993e-01 2.759351275751388277e-01
6.322236180904522440e-01 2.767929087448611769e-01
6.098348887293610909e-01 2.784975754805333326e-01
6.189429289303661763e-01 2.791067387823569224e-01
6.564070351758793942e-01 2.776838719806177802e-01
6.311019382627423013e-01 2.772777631127353315e-01
6.324030868628859325e-01 2.772168467825530391e-01
5.901830581478823001e-01 2.767681460090146706e-01
4.963208901651112726e-01 2.772044654146297860e-01
3.987347451543431509e-01 2.787882899993711083e-01
4.195979899497487842e-01 2.886116673096724150e-01
4.147972002871500585e-01 3.689850695560487059e-01
4.214824120603015145e-01 5.661553822053989604e-01
3.891331658291457551e-01 5.516825536125612439e-01
4.105348169418521209e-01 4.257402696067628667e-01
4.309045226130653328e-01 3.487266753600378189e-01
4.458004307250538756e-01 2.979596000917211773e-01
4.487616654702081820e-01 2.890365958567980842e-01
4.677853553481694515e-01 2.861611469703040922e-01
4.855527638190954565e-01 2.861735283382273454e-01
4.980258435032304254e-01 2.935280608846339012e-01
5.180814788226848489e-01 2.972152322521758316e-01
5.737167982770996488e-01 2.907273954603962207e-01
6.202889447236180631e-01 2.876691975833550741e-01
6.023869346733667918e-01 2.859164911401407272e-01
5.520908111988513944e-01 2.908383325169885403e-01
5.477835606604450902e-01 3.096723741471095193e-01
5.271895190236898232e-01 3.588244237835181982e-01
5.595836324479540602e-01 4.586108204241064468e-01
5.634422110552763652e-01 6.550382509980622325e-01
5.703517587939699318e-01 8.050147511617437024e-01
5.209081119885139444e-01 7.401705558194162649e-01
5.492641780330222989e-01 7.230847633400572239e-01
5.182609475951184264e-01 6.937656840978169148e-01
5.008524766690596319e-01 4.803262539973246481e-01
5.748833452979180692e-01 3.536787272746182431e-01
5.830491744436469004e-01 3.276228813622278357e-01
5.490847092605887214e-01 3.219898542118690421e-01
