8.928053443501956510e-01 4.201909607389952006e-01
8.723245286335867821e-01 4.213245779272221658e-01
8.330330066364874941e-01 4.204135344964174403e-01
8.265283698852898819e-01 4.211108065217883389e-01
8.125961411681976720e-01 4.197175199499020293e-01
8.245066584626203898e-01 4.207958080684873203e-01
8.002900716389046432e-01 4.270108973117617279e-01
8.363292752604052360e-01 4.377227309422792589e-01
8.589197028963213576e-01 4.420497156840308417e-01
8.548762800509821513e-01 4.587873879900709606e-01
8.464817826220718544e-01 4.571501505202190119e-01
8.368127279919131967e-01 4.478498369049924155e-01
8.427899617632838014e-01 4.324067390806823341e-01
8.520634641585723701e-01 4.223142137864951962e-01
8.681932052916099263e-01 4.180570191212234499e-01
8.554036830308091588e-01 4.175156744739337289e-01
8.479760910649145611e-01 4.172189094640373352e-01
8.578209466883488510e-01 4.174741776717024733e-01
8.332967081264007758e-01 4.168781326941987664e-01
8.486792950380169787e-01 4.164751107210132863e-01
8.366808772469565003e-01 4.170504072974012821e-01
8.438887179712565301e-01 4.161469087397295374e-01
8.051685492023028523e-01 4.159475983411338729e-01
8.302201907440777129e-01 4.161657709225619617e-01
8.152771063156507569e-01 4.161909204996718237e-01
8.423504592800949986e-01 4.157583477733821642e-01
8.405484990990199634e-01 4.158381976807060121e-01
7.964664000351602269e-01 4.158218504555845629e-01
8.266602206302465783e-01 4.158495149904054555e-01
8.609853645673096745e-01 4.158488862509777118e-01
8.226167977849074830e-01 4.154647264606245449e-01
8.539533248362853879e-01 4.154823311646014816e-01
8.711378719289764039e-01 4.155068520022835998e-01
8.620841207752824031e-01 4.151333807822021327e-01
8.811585285456863259e-01 4.148284421597450700e-01
8.487232452863356924e-01 4.149717947492713166e-01
8.598426581110182321e-01 4.148479330820052380e-01
8.795763196062057476e-01 4.148561066945659070e-01
8.391420911528150173e-01 4.151025725502425767e-01
8.589636531446401824e-01 4.151711051478669257e-01
8.912670856590340085e-01 4.145756889097909625e-01
8.683690062848855584e-01 4.145788326069297369e-01
8.764998022238825737e-01 4.146964068799183223e-01
8.816859315255131113e-01 4.144367374962589778e-01
8.499978024875840532e-01 4.142556605410679937e-01
8.484595437964225217e-01 4.146215868880164801e-01
8.808069265591349506e-01 4.149969443263811786e-01
8.663472948622159553e-01 4.161116993317757196e-01
8.549641805476201339e-01 4.158614610395326427e-01
8.770711554520282949e-01 4.177401344496392555e-01
8.641937326945895448e-01 4.175163032133614727e-01
8.810706280490484543e-01 4.166285231413833778e-01
8.488111457829736750e-01 4.164153804753772947e-01
8.966290159539401783e-01 4.177420206679224868e-01
8.724563793785434784e-01 4.188574044127448270e-01
8.865644090889113205e-01 4.231472935282593051e-01
8.878389662901595702e-01 4.218703237505061487e-01
8.484155935481033639e-01 4.201431765424864517e-01
8.454709269107371084e-01 4.162255011681978423e-01
8.516679119237023921e-01 4.143669474197791414e-01
8.343515140860544577e-01 4.134816823055120216e-01
8.586999516547269007e-01 4.133961737433384798e-01
8.737309365797917282e-01 4.129296490879506010e-01
9.110446974025403488e-01 4.131704562887775212e-01
8.786973146398275869e-01 4.134269819752980912e-01
8.891135234914077090e-01 4.131817735984769646e-01
9.076605282819848464e-01 4.138438362158940453e-01
8.878829165384782840e-01 4.135137480163271206e-01
8.593152551311915577e-01 4.145788326069297369e-01
8.928932448468334115e-01 4.200809313391395405e-01
8.741704390629807531e-01 4.449211686505491481e-01
9.113962993890916131e-01 4.651961289770912278e-01
8.785215136465521768e-01 4.997371869192019367e-01
8.926295433569197968e-01 5.171557840254915606e-01
8.634026282248494777e-01 5.041616262722542485e-01
9.047598118929371935e-01 4.858250696014546621e-01
8.744341405528941458e-01 4.554871347338295129e-01
8.249022106974904789e-01 4.346268180000553150e-01
8.710939216806574681e-01 4.202469185480646185e-01
9.057706676042719396e-01 4.143876958208947969e-01
8.615567177954556177e-01 4.124951901433777657e-01
9.152639212411550762e-01 4.121386948878454359e-01
8.608974640706720249e-01 4.116338171273650204e-01
8.912670856590340085e-01 4.119651628057874326e-01
8.783896629015952584e-01 4.116646253593245763e-01
8.933766975783413722e-01 4.117293855203824626e-01
8.719289763987166930e-01 4.119393844892498269e-01
8.713576231705709718e-01 4.121242338810072736e-01
8.623478222651957958e-01 4.118739955887641968e-01
8.438008174746187695e-01 4.120997130433252664e-01
8.911352349140770901e-01 4.123285741950248884e-01
8.812903792906430223e-01 4.123826457858111860e-01
8.687206082714366007e-01 4.125215971993431152e-01
8.743022898079374494e-01 4.141393437469348959e-01
8.579527974333053253e-01 4.223833751235472889e-01
8.530743198699073382e-01 4.749220991849021911e-01
8.779501604184063446e-01 5.097618083551924695e-01
8.542609765745177164e-01 5.583136957052067251e-01
8.693359117479013687e-01 5.811520266786713851e-01
8.590515536412780540e-01 5.419230875632826683e-01
8.427020612666461519e-01 4.863406359322067773e-01
8.879268667867973308e-01 4.379811428470830048e-01
8.966729662022591141e-01 4.171007064516210061e-01
8.547883795543443908e-01 4.123310891527359190e-01
8.388783896629016246e-01 4.109541498059710030e-01
8.706544191974684432e-01 4.109220840951559595e-01
8.779941106667251693e-01 4.115036680658214485e-01
8.453830264140992368e-01 4.112848667449656714e-01
8.297806882608886880e-01 4.118815404618971221e-01
8.548323298026634376e-01 4.111044185292024311e-01
8.615127675471366819e-01 4.114018122785266240e-01
8.688964092647123438e-01 4.111597475988441053e-01
8.738188370764293778e-01 4.149611061789996169e-01
8.293851360260185990e-01 4.339440069815225787e-01
8.717531754054409499e-01 4.740764446545831512e-01
8.726321803718189996e-01 5.048073416645499911e-01
8.736869863314727924e-01 5.747332258608071065e-01
8.586120511580890291e-01 5.468819554299194641e-01
8.469652353535798150e-01 5.002288611516997330e-01
8.636223794664440456e-01 4.457265838574924199e-01
8.524590163934426812e-01 4.203506605536427854e-01
8.346152155759680724e-01 4.123185143641809880e-01
8.584802004131323327e-01 4.099116998347672736e-01
8.494264492594383320e-01 4.106341214372480342e-01
8.529864193732694666e-01 4.098412810188596933e-01
8.718410759020787104e-01 4.093640677932000593e-01
8.495583000043949173e-01 4.092075116756911934e-01
8.632707774798926703e-01 4.091943081477085187e-01
8.382191359381179208e-01 4.090742189170089027e-01
8.439326682195754659e-01 4.084417070526958904e-01
8.505252054674109496e-01 4.087334421471702783e-01
8.618204192853690104e-01 4.087089213094881601e-01
8.632268272315738455e-01 4.088038609630779141e-01
8.404166483540632671e-01 4.089987701856793167e-01
8.859491056124467745e-01 4.100776870436923516e-01
8.311431459587746984e-01 4.111698074296880612e-01
8.203313848723245982e-01 4.118570196242150039e-01
8.309673449654990662e-01 4.114892070589832862e-01
8.407682503406144203e-01 4.102895722308429471e-01
8.315826484419637232e-01 4.093546367017838472e-01
8.145739023425481173e-01 4.085963769519215805e-01
8.299125390058452734e-01 4.085844309027943932e-01
8.251219619390849358e-01 4.082417679146725376e-01
8.297367380125697522e-01 4.085674549382452003e-01
8.110139322287169827e-01 4.086561071975574611e-01
8.210345888454270158e-01 4.082480553089499753e-01
8.100030765173823477e-01 4.081285948176781586e-01
8.114973849602250544e-01 4.082474265695222315e-01
8.058278029270865561e-01 4.079506615596258934e-01
8.478002900716389290e-01 4.082323368232563254e-01
8.107502307388035900e-01 4.086460473667135052e-01
8.371643299784643499e-01 4.080782956634584346e-01
8.389223399112203383e-01 4.086498198032800233e-01
8.170790664967256811e-01 4.088623337298583071e-01
8.658638421307078836e-01 4.087573342454246528e-01
8.482397925548278428e-01 4.077438062878972480e-01
8.394936931393660595e-01 4.078689254340188142e-01
8.561508372522302901e-01 4.075507832835790767e-01
8.441524194611700338e-01 4.079324281162212129e-01
8.244627082143014540e-01 4.078312010683540212e-01
8.280666285764515244e-01 4.078972187082673950e-01
8.263525688920142498e-01 4.080015894532733611e-01
8.001142706456290110e-01 4.073646764129661424e-01
8.249022106974904789e-01 4.072194376051566644e-01
8.125082406715598005e-01 4.071615935778040152e-01
8.211224893420647764e-01 4.077752432592846032e-01
8.049927482090274422e-01 4.072999162519082006e-01
8.044213949808814990e-01 4.078494345117587017e-01
7.840284797609105016e-01 4.068987804970059519e-01
7.555487188502615359e-01 4.073803948986597923e-01
8.262646683953762672e-01 4.067887510971502918e-01
7.808201116336307424e-01 4.070050374602950938e-01
8.031907880279524070e-01 4.070949471984628421e-01
8.249901111941282394e-01 4.067019850561212624e-01
8.107062804904847653e-01 4.067453680766358048e-01
7.944446886124907348e-01 4.065529738117453773e-01
7.552850173603479211e-01 4.069025529335724145e-01
8.159803102887531745e-01 4.071383302189773845e-01
8.036742407594603677e-01 4.070823724099079111e-01
8.087285193161342089e-01 4.083882642013374475e-01
7.968619522700303159e-01 4.101694830001433312e-01
8.369885289851888288e-01 4.131534803242283282e-01
8.124203401749220399e-01 4.120085458263019196e-01
8.461741308838393039e-01 4.110484607201330132e-01
7.942688876192151026e-01 4.089761355662804299e-01
8.191447281677142200e-01 4.075878789098161259e-01
8.414275040653980131e-01 4.075501545441513329e-01
8.084208675779018805e-01 4.068868344478787646e-01
8.345712653276491366e-01 4.069981213265899123e-01
8.354942205423461221e-01 4.065844107831326770e-01
8.299564892541640981e-01 4.065995005293985831e-01
8.318463499318771159e-01 4.071829707183473590e-01
8.314947479453259627e-01 4.065988717899708393e-01
8.306157429789479130e-01 4.065209081009302783e-01
8.100030765173823477e-01 4.062373466190166149e-01
8.300883399991210165e-01 4.061857899859414034e-01
8.057838526787675093e-01 4.065045608758088846e-01
7.915879224717620177e-01 4.066095603602425390e-01
8.388344394145826888e-01 4.067673739566068924e-01
8.430536632531974162e-01 4.069295887289655078e-01
8.094756735375555623e-01 4.088994293560953563e-01
8.236276534962421181e-01 4.097086169996051463e-01
8.022238825649364857e-01 4.106957379011672016e-01
7.953236935788687845e-01 4.103266678570799963e-01
7.994550169208456403e-01 4.091546975637604389e-01
7.971696040082626444e-01 4.075954237829491067e-01
8.179141212147849060e-01 4.066032729659651013e-01
8.082011163363073125e-01 4.063549208920052003e-01
8.290774842877862705e-01 4.058751927086345912e-01
8.162440117786665672e-01 4.057349838162471189e-01
8.483716432997845391e-01 4.059028572434554283e-01
8.006416736254559074e-01 4.054212428418015879e-01
8.198479321408164155e-01 4.052294773163389041e-01
8.144860018459104678e-01 4.056350142472354148e-01
8.104865292488903084e-01 4.062065383870570034e-01
8.334285588713576942e-01 4.055614517341891156e-01
7.944886388608095595e-01 4.069629119186360944e-01
7.835450270294025410e-01 4.075218612699027521e-01
7.836768777743593484e-01 4.071427313949715909e-01
7.857864896936666010e-01 4.069189001586938081e-01
7.961587482969278984e-01 4.067522842103409864e-01
8.067507581417833196e-01 4.077375188936198103e-01
8.489869467762493072e-01 4.071213542544281916e-01
8.200237331340922697e-01 4.080154217206837797e-01
7.979167582296839978e-01 4.072118927320236836e-01
8.185294246912495630e-01 4.068258467233873965e-01
8.242429569727068861e-01 4.062140832601899842e-01
8.567221904803762333e-01 4.054369613274952933e-01
8.505252054674109496e-01 4.056651937397672825e-01
8.289456335428295741e-01 4.062794721606756143e-01
8.304838922339911056e-01 4.125838424026900264e-01
8.644134839361841127e-01 4.394316447068942755e-01
8.492945985144816357e-01 4.609860897689005421e-01
8.543488770711554769e-01 4.959270259870580122e-01
8.365490265019998040e-01 4.762235898003375212e-01
8.607656133257153286e-01 4.517304166530439757e-01
8.406803498439766598e-01 4.246726153799723624e-01
8.399331956225553064e-01 4.113992973208155379e-01
8.724563793785434784e-01 4.069025529335724145e-01
8.461741308838395259e-01 4.050867534662404568e-01
8.197600316441787660e-01 4.052420521048938351e-01
8.521074144068914169e-01 4.051823218592579545e-01
8.442403199578077944e-01 4.055910024872931841e-01
8.122445391816464078e-01 4.062272867881726590e-01
8.285500813079592630e-01 4.055394458542179725e-01
8.035423900145034493e-01 4.053979794829750127e-01
7.944007383641717990e-01 4.044391518556615384e-01
8.060915044169999488e-01 4.047547790483903007e-01
8.215180415769349764e-01 4.042687634707422539e-01
8.527227178833560739e-01 4.043002004421296647e-01
8.478002900716389290e-01 4.046114264588641096e-01
8.496022502527137421e-01 4.039776571156956098e-01
8.687645585197556475e-01 4.040826566001292641e-01
8.149255043290994927e-01 4.040587645018748897e-01
8.451193249241858441e-01 4.036934668943541471e-01
8.342196633410978723e-01 4.041562191131756188e-01
8.435810662330242016e-01 4.039820582916898162e-01
8.484595437964222997e-01 4.042662485130312788e-01
8.841471454313717393e-01 4.047176834221532515e-01
8.543488770711554769e-01 4.053659137721599137e-01
8.458664791456071974e-01 4.049345985247257973e-01
8.512723596888323030e-01 4.044687026087656068e-01
8.263086186436953140e-01 4.046736716622110208e-01
8.623478222651957958e-01 4.046315461205519659e-01
8.405924493473387882e-01 4.062486639287160584e-01
8.496901507493517247e-01 4.130924925997370156e-01
8.284621808113216135e-01 4.219809818897894971e-01
8.307475937239046093e-01 4.347575958010266306e-01
8.378675339515666565e-01 4.300917205077196548e-01
8.522392651518481133e-01 4.215471516846445166e-01
8.256054146705927854e-01 4.121424673244119541e-01
8.453830264140992368e-01 4.081216786839729216e-01
8.294730365226563595e-01 4.095168514741424626e-01
8.286819320529161814e-01 4.127303386893549364e-01
8.069705093833779985e-01 4.189102185246755261e-01
8.314507976970068048e-01 4.163543927508858711e-01
8.321540016701094444e-01 4.117677386254749994e-01
8.063991561552322773e-01 4.070679114030697487e-01
8.555355337757657441e-01 4.050553164948531570e-01
8.184415241946116915e-01 4.040512196287419644e-01
8.225728475365886583e-01 4.041970871759791306e-01
7.981804597195975015e-01 4.042725359073087166e-01
7.873686986331472903e-01 4.043215775826729530e-01
7.947083901024039054e-01 4.047686113158007193e-01
7.885553553377576685e-01 4.045957079731704042e-01
8.040697929943304567e-01 4.049723228903905903e-01
7.693490968223970494e-01 4.038751725889729305e-01
7.453962114885949175e-01 4.042957992661353472e-01
7.467586691864809278e-01 4.029779614255786235e-01
7.845998329890564449e-01 4.035645753116661183e-01
7.572188282863798747e-01 4.032829000480356862e-01
7.163450973497998975e-01 4.035991559801921924e-01
7.262778534698721700e-01 4.037406223514351522e-01
7.135322814573902273e-01 4.032942173577351297e-01
7.063683909814091333e-01 4.034570608695214888e-01
6.993363512503846247e-01 4.031433198950759578e-01
7.064562914780468939e-01 4.032979897943015923e-01
6.957763811365533790e-01 4.034539171723827700e-01
6.351250384564672835e-01 4.034023605393075584e-01
6.465521030193820406e-01 4.030276318403706037e-01
6.230387201687689336e-01 4.032527205555038741e-01
6.315650683426361489e-01 4.036676885778165413e-01
5.936799542917416961e-01 4.029113150462375059e-01
6.007559442710850295e-01 4.031106254448331705e-01
5.121522436601766426e-01 4.032017926618564618e-01
4.696523535357974288e-01 4.029282910107866433e-01
4.227574385795279110e-01 4.035211922911516313e-01
4.052212895002856863e-01 4.030741585580238651e-01
3.815321056563970026e-01 4.033181094559895041e-01
4.542697666241813370e-01 4.028465548851796196e-01
4.719377664483804247e-01 4.034017317998797592e-01
5.343031688129037393e-01 4.035664615299493496e-01
5.149650595525864238e-01 4.029006264759658063e-01
5.457741836241374322e-01 4.027516152315898657e-01
5.707818749175932460e-01 4.031904753521569629e-01
6.095020436865468128e-01 4.029502968907577864e-01
6.546389487100602311e-01 4.032105950138448192e-01
6.527051377840284996e-01 4.037148440348975464e-01
6.543752472201467274e-01 4.035978985013367049e-01
6.673845207225420628e-01 4.031986489647176319e-01
6.914692568013007801e-01 4.030257456220873724e-01
7.115984705313584957e-01 4.031150266208273769e-01
7.286511668790929264e-01 4.025328139107340886e-01
7.226739331077219886e-01 4.025189816433237255e-01
7.496593855755283586e-01 4.029873925169948357e-01
7.399903309453699229e-01 4.028987402576825749e-01
7.378807190260623372e-01 4.021411092472479964e-01
7.780072957412208501e-01 4.027371542247517033e-01
7.893464598074979577e-01 4.022505099076759127e-01
7.391113259789918732e-01 4.026805676762545416e-01
7.907089175053839680e-01 4.025441312204335320e-01
7.878082011163362042e-01 4.020757203467623664e-01
7.760734848151892296e-01 4.025359576078728074e-01
8.102667780072957404e-01 4.026290110431793301e-01
7.779633454929020253e-01 4.025944303746532560e-01
8.333846086230387584e-01 4.027855671606881960e-01
8.019162308267040462e-01 4.023165275475892866e-01
7.929943304179668528e-01 4.025950591140809998e-01
8.124203401749220399e-01 4.025403587838670694e-01
7.978728079813651730e-01 4.025479036569999947e-01
8.393178921460906494e-01 4.024762273622369269e-01
8.321540016701094444e-01 4.029043989125322689e-01
8.049927482090274422e-01 4.020826364804676034e-01
8.230123500197774611e-01 4.023052102378898431e-01
8.257372654155495928e-01 4.030276318403706037e-01
8.026194347998066858e-01 4.028547284977402887e-01
7.954115940755065450e-01 4.034337975106948582e-01
8.082890168329451841e-01 4.093231997303965475e-01
8.071902606249725665e-01 4.052986386533910523e-01
7.760295345668702938e-01 4.070132110728558184e-01
8.271876236100732527e-01 4.146115270571725797e-01
8.472728870918121435e-01 4.421647749993083965e-01
8.287698325495539420e-01 4.730767489644661650e-01
8.293851360260183769e-01 4.858206684254604002e-01
8.060036039203621883e-01 4.654935227264153652e-01
8.493385487628005714e-01 4.375253067619667702e-01
8.287258823012350062e-01 4.167542710269326878e-01
8.260888674021008571e-01 4.079745536578802678e-01
8.417351558036303416e-01 4.087567055059969090e-01
8.193205291609897412e-01 4.156778691266306280e-01
8.229683997714585253e-01 4.281187361834510874e-01
8.298685887575265596e-01 4.259030584400723130e-01
8.260888674021008571e-01 4.194729403125086464e-01
8.322858524150661408e-01 4.104517870032015625e-01
8.306596932272667377e-01 4.061581254511205663e-01
8.362413747637672534e-01 4.031150266208273769e-01
8.573814442051598261e-01 4.025441312204335320e-01
8.289895837911483989e-01 4.022813181396354687e-01
8.511405089438756066e-01 4.017638655906000666e-01
8.311870962070936342e-01 4.020027865731437555e-01
8.071902606249725665e-01 4.022894917521961933e-01
8.495143497560760926e-01 4.023033240196066118e-01
8.314068474486880911e-01 4.019260803629586820e-01
8.268799718718411462e-01 4.027824234635494771e-01
8.424383597767327592e-01 4.022995515830401492e-01
8.486792950380168676e-01 4.020241637136871549e-01
8.719289763987166930e-01 4.017644943300278659e-01
8.383070364347556813e-01 4.021719174792076079e-01
8.118050366984572719e-01 4.020229062348316673e-01
8.397573946292796743e-01 4.022957791464736310e-01
8.291214345361052063e-01 4.021014986632999721e-01
8.406803498439766598e-01 4.029427520176248056e-01
8.115413352085439902e-01 4.020694329524849286e-01
8.428778622599217840e-01 4.019499724612130565e-01
8.491187975212058925e-01 4.023731140960864483e-01
8.271436733617545389e-01 4.018581765047621324e-01
8.350547180591570973e-01 4.022410788162597006e-01
8.301762404957587771e-01 4.020392534599530610e-01
8.260449171537819213e-01 4.019223079263922194e-01
8.213422405836593443e-01 4.018449729767794021e-01
8.347470663209247688e-01 4.020266786713981300e-01
8.184415241946116915e-01 4.018091348293978404e-01
8.379554344482046391e-01 4.022819468790632125e-01
8.372961807234211573e-01 4.027138908659250727e-01
8.086406188194962263e-01 4.031565234230586325e-01
8.068386586384213022e-01 4.034256238981341336e-01
7.933459324045181171e-01 4.043511283357770214e-01
8.429218125082404978e-01 4.034658632215099572e-01
8.227046982815453546e-01 4.033357141599663853e-01
8.303080912407155845e-01 4.021876359649012578e-01
8.096075242825122587e-01 4.022020969717394201e-01
7.851272359688831193e-01 4.027711061538500337e-01
8.123324396782841683e-01 4.030672424243186280e-01
8.098712257724256514e-01 4.046447496485347517e-01
8.360216235221729075e-01 4.056526189512123515e-01
8.287698325495539420e-01 4.059072584194496902e-01
8.284621808113216135e-01 4.047899884563441186e-01
8.443282204544455549e-01 4.041122073532333325e-01
8.263525688920142498e-01 4.028063155618038516e-01
7.660088779501604828e-01 4.044322357219563568e-01
8.118929371950951435e-01 4.056916007957326320e-01
8.072781611216103270e-01 4.055746552621717904e-01
8.401529468641497633e-01 4.047032224153150892e-01
8.369445787368698930e-01 4.035815512762153112e-01
8.253856634289984395e-01 4.022542823442423754e-01
8.218696435634860187e-01 4.019864393480223619e-01
8.107502307388035900e-01 4.018569190259065893e-01
8.177383202215092739e-01 4.015475792274552647e-01
8.630070759899793886e-01 4.016488062753224564e-01
8.285500813079593740e-01 4.016865306409872494e-01
8.507449567090052955e-01 4.021700312609243211e-01
8.099591262690634119e-01 4.022329052036989760e-01
8.333846086230387584e-01 4.017255124855075299e-01
8.274513250999868674e-01 4.015306032629061272e-01
8.098712257724256514e-01 4.020820077410398596e-01
8.473607875884499041e-01 4.016783570284266358e-01
8.220454445567617618e-01 4.028641595891565008e-01
8.642376829429087026e-01 4.028855367296999002e-01
8.578648969366676758e-01 4.031018230928447021e-01
8.275392255966246280e-01 4.028320938783415128e-01
8.210345888454270158e-01 4.035400544739840001e-01
8.337801608579087365e-01 4.063926452576699933e-01
8.490308970245682429e-01 4.114571413481682427e-01
8.270557728651166673e-01 4.115457936074805034e-01
8.518876631652967379e-01 4.099487954610043228e-01
8.411198523271654626e-01 4.093294871246739852e-01
8.341757130927790476e-01 4.121028567404639298e-01
8.368127279919131967e-01 4.147511072101322527e-01
8.616885685404123141e-01 4.129114156445459205e-01
8.565903397354195370e-01 4.094917018970326006e-01
8.222212455500371719e-01 4.071924018097635711e-01
8.255175141739551359e-01 4.047780424072169314e-01
8.339559618511844796e-01 4.033677798707814843e-01
8.642816331912275274e-01 4.024341018205779830e-01
8.080692655913506162e-01 4.024548502216935275e-01
8.521953149035291775e-01 4.023045814984620994e-01
8.411198523271656846e-01 4.024171258560287345e-01
8.411198523271656846e-01 4.032577504709258243e-01
8.861688568540412314e-01 4.031483498104980190e-01
8.439766184678944017e-01 4.038443643570133190e-01
8.689403595130312796e-01 4.083310489134125421e-01
8.390541906561772567e-01 4.365645929163701200e-01
8.498659517426273569e-01 5.661012622572751951e-01
8.752252450226344349e-01 7.980237462307071539e-01
8.680613545466530079e-01 1.000000000000000000e+00
8.723684788819057179e-01 9.342948435822052700e-01
8.715334241638464929e-01 7.523885810860091450e-01
8.625675735067903638e-01 5.749092729005761404e-01
8.374280314683778537e-01 4.749547936351450894e-01
8.724563793785434784e-01 4.297622610475804739e-01
8.193205291609896301e-01 4.139400333483392314e-01
8.445479716960401229e-01 4.089503572497428241e-01
8.645013844328220953e-01 4.081273373388227266e-01
8.913549861556717691e-01 4.081135050714121970e-01
8.344833648310111540e-01 4.074156043066136101e-01
8.839713444380961072e-01 4.052929799985413029e-01
8.970685184371292031e-01 4.039443339260250232e-01
8.681492550432908795e-01 4.024441616514218278e-01
8.570737924669274976e-01 4.021385942895370214e-01
8.489429965279302603e-01 4.022215878939995881e-01
8.523271656484859848e-01 4.022058694083058827e-01
8.587439019030457255e-01 4.021253907615543466e-01
8.612930163055420030e-01 4.019776369960338935e-01
8.885861205115809236e-01 4.015871898114033445e-01
8.808508768074539974e-01 4.018468591950626334e-01
8.685887575264800153e-01 4.021656300849301147e-01
8.968487671955345242e-01 4.022618272173753562e-01
8.543049268228365412e-01 4.014186876447672359e-01
8.748736430360831706e-01 4.019380264120858692e-01
9.024304487320353729e-01 4.023907188000633850e-01
8.944315035379950540e-01 4.052445670626048657e-01
8.618204192853690104e-01 4.092955351955757104e-01
8.789170658814222659e-01 4.112942978363818836e-01
9.020348964971651728e-01 4.090107162348065040e-01
8.674460510701885729e-01 4.064812975169822540e-01
8.743901903045752100e-01 4.034979289323250007e-01
8.532940711115016841e-01 4.021574564723693901e-01
8.716652749088033003e-01 4.017330573586405107e-01
8.960576627257942350e-01 4.013765621031082365e-01
8.901683294510613909e-01 4.011942276690617648e-01
8.787412648881466337e-01 4.018858410395829139e-01
8.907396826792071121e-01 4.013356940403047246e-01
9.222520107238604270e-01 4.012872811043682320e-01
8.687206082714366007e-01 4.015714713257096391e-01
9.181646376302026180e-01 4.017720392031607912e-01
9.335472245418184878e-01 4.015897047691143196e-01
9.069133740605632710e-01 4.015148847772124774e-01
8.901683294510613909e-01 4.017412309712012353e-01
9.000131850744956807e-01 4.016620098033051312e-01
9.012437920274247727e-01 4.018619489413285395e-01
8.837076429481824924e-01 4.012941972380734690e-01
9.007603392959170341e-01 4.025636221426936445e-01
8.932887970817035006e-01 4.053074410053795207e-01
8.831802399683558180e-01 4.193742282223524298e-01
8.844108469212851320e-01 4.492927938916707054e-01
8.900364787061046945e-01 4.798476438618684559e-01
8.871797125653759775e-01 4.662983091939308933e-01
8.978596229068694923e-01 4.496455167106365169e-01
8.856414538742144460e-01 4.290844799444697433e-01
9.172416824155056325e-01 4.168731027787767607e-01
8.801037225860324220e-01 4.095596057552292057e-01
8.983870258866962777e-01 4.048478324836967679e-01
9.141212147848635228e-01 4.037054129434813343e-01
9.055069661143584359e-01 4.035494855654002122e-01
9.201423988045530633e-01 4.020361097628143421e-01
9.271744385355776830e-01 4.025177241644681825e-01
9.285808464817826291e-01 4.016374889656230684e-01
9.076165780336659106e-01 4.015689563679986640e-01
9.204500505427856138e-01 4.015683276285709202e-01
9.080560805168548244e-01 4.011942276690617648e-01
9.222959609721794738e-01 4.015563815794437330e-01
9.122753043554696628e-01 4.018600627230453082e-01
8.952226080077352321e-01 4.015060824252240090e-01
9.459411945677491662e-01 4.014325199121776544e-01
9.041005581681534897e-01 4.015972496422472449e-01
9.116160506306860700e-01 4.020185050588374609e-01
9.314815628708300599e-01 4.013809632791024429e-01
9.000131850744956807e-01 4.019788944748893811e-01
9.194831450797695815e-01 4.012992271534954192e-01
9.328000703203971344e-01 4.017600931540336040e-01
9.043203094097481687e-01 4.015746150228484135e-01
9.089790357315519209e-01 4.018738949904557267e-01
9.366676921724608196e-01 4.018248533150914903e-01
8.897288269678722550e-01 4.020562294245022539e-01
9.237902694150221805e-01 4.017865002099990646e-01
9.281413439985936042e-01 4.019612897709124999e-01
9.241418714015734448e-01 4.014840765452528659e-01
9.173735331604623289e-01 4.015991358605305317e-01
9.132422098184854731e-01 4.018619489413285395e-01
8.862567573506791030e-01 4.016104531702299196e-01
9.117479013756427664e-01 4.017468896260509292e-01
8.999692348261767449e-01 4.020115889251322239e-01
9.430844284270206712e-01 4.017607218934613478e-01
9.553904979563134781e-01 4.018839548212996826e-01
9.197028963213642605e-01 4.017670092877388410e-01
9.309541598910032745e-01 4.020543432062189670e-01
9.427328264404694069e-01 4.027176633024915908e-01
9.379422493737089583e-01 4.033822408776196466e-01
9.124511053487451839e-01 4.110233111430231512e-01
8.801037225860326441e-01 4.570225164163864706e-01
9.066496725706499893e-01 5.749910090261832751e-01
8.959697622291565855e-01 7.561214070685402522e-01
9.022985979870786766e-01 7.089382854527300770e-01
9.048037621412561293e-01 6.306633703954267478e-01
9.392168065749572081e-01 5.178945528530938258e-01
9.155715729793872937e-01 4.652571167015826514e-01
8.838834439414582356e-01 4.350606482052004065e-01
8.861249066057222956e-01 4.190491699382075108e-01
9.057706676042719396e-01 4.113225911106304644e-01
9.258559310860106084e-01 4.070031512420118625e-01
1.000000000000000000e+00 4.045359777275345237e-01
9.790357315518832815e-01 4.033256543291225404e-01
8.912231354107150727e-01 4.026541606202891921e-01
8.844547971696040678e-01 4.025051493759132515e-01
8.878389662901595702e-01 4.019977566577218053e-01
9.105172944227134524e-01 4.022712583087915128e-01
8.934645980749791327e-01 4.026252386066128119e-01
8.789170658814222659e-01 4.064995309603868789e-01
9.147804685096471156e-01 4.143656899409236538e-01
8.720168768953544536e-01 4.232994484697739646e-01
9.019909462488461260e-01 4.192780310899072438e-01
9.047158616446182577e-01 4.134584189466853910e-01
8.847184986595174605e-01 4.074891668196599093e-01
8.670065485869995481e-01 4.040990038252506578e-01
8.979475234035070308e-01 4.020285648896813613e-01
8.951786577594161853e-01 4.012941972380734690e-01
8.812903792906430223e-01 4.016890455986982800e-01
9.175053839054189142e-01 4.014809328481141470e-01
9.075726277853468638e-01 4.007515951119282049e-01
8.717092251571221251e-01 4.010477313823967993e-01
8.809827275524106938e-01 4.014626994047095776e-01
9.254603788511405194e-01 4.012633890061138575e-01
8.804553245725839083e-01 4.007566250273501551e-01
8.702588669625983542e-01 4.009603366019400261e-01
8.593152551311913356e-01 4.013350653008769808e-01
8.714894739155276682e-01 4.014677293201314723e-01
8.522392651518481133e-01 4.015129985589292461e-01
8.588318023996835970e-01 4.016205130010738755e-01
8.688524590163932970e-01 4.014922501578135905e-01
8.770272052037094701e-01 4.008465347655179034e-01
8.738627873247482025e-01 4.010351565938418683e-01
9.015953940139761480e-01 4.013897656310909112e-01
8.517118621720213278e-01 4.006528830217719883e-01
8.677097525601019656e-01 4.008144690547028599e-01
8.559310860106359442e-01 4.001498914795748596e-01
8.448995736825911651e-01 4.006403082332170573e-01
8.687206082714367117e-01 4.012231496827380894e-01
8.800597723377137083e-01 4.008987201380208587e-01
8.652485386542434487e-01 4.009791987847724504e-01
8.540851755812420842e-01 4.010848270086338485e-01
8.679295038016965336e-01 4.008723130820555092e-01
8.675779018151452693e-01 4.008779717369052586e-01
8.666549466004482838e-01 4.012621315272583700e-01
8.530303696215884024e-01 4.008226426672635290e-01
8.644574341845031595e-01 4.015287170446228959e-01
8.652045884059245129e-01 4.013539274837093496e-01
8.411638025754843984e-01 4.015834173748368263e-01
8.429657627565595446e-01 4.010722522200789175e-01
8.470091856018986398e-01 4.009628515596510012e-01
8.532940711115017951e-01 4.005535421921880279e-01
8.373401309717399821e-01 4.006384220149338260e-01
8.570298422186085618e-01 4.009773125664892190e-01
8.200237331340922697e-01 4.006987809999975059e-01
8.387904891662638640e-01 4.011942276690617648e-01
8.580846481782622437e-01 4.009634802990787450e-01
8.240671559794313650e-01 4.008584808146450906e-01
8.430976135015163520e-01 4.009597078625122824e-01
8.306157429789479130e-01 4.010565337343852677e-01
8.020480815716609646e-01 4.010351565938418683e-01
8.058278029270864451e-01 4.009527917288071008e-01
8.286819320529161814e-01 4.007868045198820228e-01
8.585681009097702043e-01 4.010464739035413118e-01
8.490308970245682429e-01 4.014061128562123049e-01
8.346591658242868972e-01 4.003567467513033939e-01
8.635344789698061740e-01 4.012225209433103457e-01
8.250780116907658890e-01 4.009439893768186325e-01
7.888630070759898860e-01 4.007088408308414063e-01
8.303520414890344092e-01 4.009949172704661002e-01
8.230123500197776831e-01 4.005459973190551026e-01
8.331648573814441905e-01 4.002102504646384284e-01
8.201116336307300303e-01 4.005120453899567723e-01
8.424383597767327592e-01 4.004818658974249601e-01
8.038500417527358888e-01 4.003686928004305812e-01
8.096514745308310834e-01 4.009427318979631449e-01
8.074979123632048950e-01 4.009326720671191890e-01
8.395815936360040421e-01 4.019971279182940616e-01
7.929503801696478060e-01 4.020876663958895536e-01
8.216938425702104976e-01 4.016475487964669688e-01
8.172988177383201380e-01 4.011376411205645476e-01
8.471410363468553362e-01 4.006679727680378944e-01
8.365929767503186287e-01 4.007855470410264798e-01
8.201116336307300303e-01 4.005265063967949346e-01
8.034105392695467529e-01 4.006572841977661947e-01
8.620401705269634673e-01 4.003699502792860687e-01
8.375598822133345500e-01 4.008509359415121653e-01
8.356700215356215322e-01 4.017569494568948851e-01
8.183096734496549951e-01 4.034004743210242716e-01
7.852590867138399267e-01 4.061021676420510929e-01
8.120247879400518398e-01 4.050213645657548267e-01
8.031907880279524070e-01 4.032319721543882185e-01
8.138267481211268750e-01 4.016947042535479739e-01
7.664044301850304608e-01 4.011112340645991980e-01
8.220893948050806976e-01 4.009144386237145641e-01
7.832813255394893703e-01 4.007874332593097666e-01
8.113655342152683581e-01 4.007534813302114363e-01
8.175625192282335307e-01 4.004020159901011122e-01
7.929064299213289813e-01 4.003366270896154822e-01
7.727772161912714877e-01 4.005296500939336535e-01
8.421746582868193665e-01 4.005566858893267468e-01
7.888630070759899970e-01 4.003730939764247876e-01
8.137388476244890034e-01 4.003944711169681869e-01
7.864896936667692406e-01 4.007685710764773424e-01
8.167274645101743058e-01 4.005843504241476394e-01
8.101788775106579799e-01 4.007144994856911557e-01
7.856106887003911909e-01 4.005177040448064663e-01
8.135630466312134823e-01 4.005390811853498656e-01
7.758537335735945506e-01 4.008188702306970663e-01
8.068386586384213022e-01 4.005566858893267468e-01
8.020480815716607426e-01 4.002605496188581524e-01
8.006856238737749543e-01 4.001310292967423798e-01
7.962026985452468342e-01 4.003473156598871818e-01
7.779193952445832005e-01 4.002768968439795461e-01
8.260009669054630965e-01 4.002731244074130834e-01
8.074539621148858481e-01 4.005768055510146586e-01
8.175625192282336418e-01 3.999097130181755722e-01
8.096075242825122587e-01 4.007251880559628554e-01
8.372961807234211573e-01 4.003982435535346496e-01
8.153210565639695817e-01 4.009817137424834255e-01
8.043334944842438494e-01 4.019524874189241426e-01
8.112336834703114397e-01 4.022322764642712323e-01
7.904012657671516395e-01 4.020562294245022539e-01
7.892585593108599751e-01 4.012703051398190945e-01
7.629763108161560226e-01 4.006208173109568893e-01
7.653056739770579542e-01 4.006698589863211257e-01
7.977849074847271904e-01 4.001410891275863357e-01
7.686458928492946319e-01 4.004271655672109742e-01
7.883795543444820364e-01 4.000750714876729619e-01
8.137827978728080502e-01 4.006516255429165008e-01
7.935217333977935272e-01 3.999222878067305031e-01
8.011690766052828039e-01 4.010137794532984690e-01
7.898738627873247431e-01 4.017626081117445791e-01
7.957192458137387625e-01 4.024850297142253397e-01
8.127279919131543684e-01 4.020757203467623664e-01
7.798971564189337569e-01 4.017997037379816283e-01
8.084208675779018805e-01 4.006981522605697621e-01
7.816112161033708094e-01 4.008811154340439775e-01
7.870610468949149618e-01 4.005912665578528209e-01
7.516810969981979618e-01 4.004774647214306982e-01
6.229947699204499978e-01 4.005837216847198956e-01
5.474882433085747069e-01 4.002574059217194336e-01
5.310069001889861084e-01 4.023404196458436610e-01
5.119764426669010104e-01 4.193484499058148240e-01
4.742671296092823008e-01 4.873189544817804753e-01
4.616094580934381741e-01 6.137106692050974255e-01
4.354590603436909735e-01 6.513947955465129169e-01
4.888586120511581035e-01 5.866748738119968998e-01
4.889904627961147998e-01 5.108621023537489592e-01
5.217333977936975398e-01 4.593733731367307116e-01
5.095152287610424935e-01 4.349028346088360530e-01
5.296004922427811623e-01 4.185769866279699380e-01
5.773304619171097940e-01 4.095992163391772301e-01
5.722761833604359527e-01 4.057752231396229980e-01
6.219839142091151407e-01 4.044246908488233760e-01
6.353447896980617404e-01 4.074759632916772345e-01
6.364435459060343581e-01 4.124310587217475677e-01
6.898870478618204238e-01 4.120865095153424806e-01
7.485166791192370273e-01 4.080732657480364289e-01
7.488243308574693557e-01 4.047736412312226695e-01
7.363864105832196305e-01 4.021643726060746271e-01
7.188063112556586365e-01 4.023347609909939115e-01
7.197732167186745578e-01 4.016796145072820678e-01
7.372654155495979023e-01 4.014872202423916403e-01
6.810090977014019442e-01 4.037808616748109203e-01
6.632971476288840318e-01 4.089126328840780311e-01
7.053135850217552294e-01 4.194773414885028529e-01
6.686151276754713768e-01 4.276629000983348527e-01
6.238737748868280475e-01 4.240394747762317174e-01
6.009756955126795974e-01 4.161437650425908186e-01
7.096646596053267642e-01 4.096457430568304914e-01
7.068518437129169829e-01 4.056482177752180895e-01
6.264668395376433718e-01 4.034413423838278390e-01
6.310376653628092525e-01 4.021492828598087210e-01
7.199490177119499679e-01 4.011703355708073904e-01
7.338812464290421778e-01 4.013300353854549751e-01
6.786797345405001236e-01 4.012696764003913508e-01
6.683953764338768089e-01 4.011250663320096166e-01
6.777128290774843133e-01 4.010753959172176364e-01
7.107194655649803350e-01 4.013130594209058377e-01
7.559003208368125781e-01 4.011521021274027099e-01
6.982375950424118960e-01 4.010785396143564108e-01
6.789434360304135163e-01 4.009175823208532830e-01
6.845690678152330788e-01 4.017362010557792296e-01
7.295301718454709761e-01 4.017714104637330474e-01
7.682503406144245428e-01 4.007189006616853622e-01
7.373093657979168380e-01 4.016877881198427924e-01
6.841735155803631008e-01 4.009999471858880504e-01
6.827671076341581546e-01 4.010923718817668293e-01
7.413527886432557112e-01 4.028673032862952197e-01
7.709313057618774057e-01 4.079896434041461739e-01
7.252669977585374239e-01 4.203626066027700281e-01
7.688656440908889778e-01 4.395844283878366787e-01
7.337933459324045282e-01 4.345186748184829417e-01
7.319474355030104462e-01 4.234905852558089046e-01
7.798971564189337569e-01 4.134483591158414906e-01
7.850393354722454697e-01 4.090855362267083462e-01
7.851272359688832303e-01 4.060110004250278570e-01
7.471542214213510169e-01 4.044184034545459383e-01
7.513294950116468085e-01 4.032847862663189176e-01
7.373093657979168380e-01 4.032904449211686670e-01
7.523843009713004903e-01 4.020530857273634795e-01
7.518568979914737049e-01 4.022718870482192566e-01
7.689095943392080246e-01 4.020857801776063223e-01
7.373533160462356628e-01 4.022618272173753562e-01
7.999384696523533789e-01 4.021650013455023709e-01
7.921592756999077389e-01 4.028006569069541021e-01
