1.207200000000000182e+04 6.143586887820509706e-07
1.157500000000000182e+04 6.144571291707860082e-07
1.121100000000000182e+04 6.145555695595211516e-07
1.106400000000000182e+04 6.146540099482561892e-07
1.110200000000000182e+04 6.147524503369913326e-07
1.075200000000000182e+04 6.148508907257263702e-07
1.116100000000000000e+04 6.149493311144615136e-07
1.139400000000000182e+04 6.150477715031965512e-07
1.111600000000000182e+04 6.151462118919316947e-07
1.117900000000000182e+04 6.152446522806667322e-07
1.046300000000000182e+04 6.153430926694018757e-07
1.110800000000000182e+04 6.154415330581369132e-07
1.150800000000000182e+04 6.155399734468720567e-07
1.085500000000000000e+04 6.156384138356070943e-07
1.076900000000000182e+04 6.157368542243422377e-07
1.075000000000000000e+04 6.158352946130772753e-07
1.120300000000000182e+04 6.159337350018124187e-07
1.114600000000000182e+04 6.160321753905474563e-07
1.140900000000000182e+04 6.161306157792824939e-07
1.171100000000000182e+04 6.162290561680176373e-07
1.155300000000000182e+04 6.163274965567526749e-07
1.134300000000000182e+04 6.164259369454878183e-07
1.146400000000000000e+04 6.165243773342228559e-07
1.219500000000000000e+04 6.166228177229579993e-07
1.134700000000000182e+04 6.167212581116930369e-07
1.133400000000000182e+04 6.168196985004281803e-07
1.150300000000000182e+04 6.169181388891632179e-07
1.145700000000000182e+04 6.170165792778983614e-07
1.173100000000000182e+04 6.171150196666333989e-07
1.149400000000000000e+04 6.172134600553685424e-07
1.132800000000000182e+04 6.173119004441035799e-07
1.166000000000000182e+04 6.174103408328387234e-07
1.165300000000000182e+04 6.175087812215737609e-07
1.148600000000000182e+04 6.176072216103089044e-07
1.233700000000000000e+04 6.177056619990439420e-07
1.220200000000000182e+04 6.178041023877789795e-07
1.144300000000000182e+04 6.179025427765141230e-07
1.136400000000000000e+04 6.180009831652491605e-07
1.140600000000000000e+04 6.180994235539843040e-07
1.166700000000000182e+04 6.181978639427193416e-07
1.216700000000000182e+04 6.182963043314544850e-07
1.182800000000000182e+04 6.183947447201895226e-07
1.139500000000000000e+04 6.184931851089246660e-07
1.192800000000000182e+04 6.185916254976597036e-07
1.161900000000000000e+04 6.186900658863948470e-07
1.200800000000000000e+04 6.187885062751298846e-07
1.065000000000000000e+04 6.188869466638650280e-07
1.152600000000000000e+04 6.189853870526000656e-07
1.188400000000000182e+04 6.190838274413352091e-07
1.170800000000000000e+04 6.191822678300702466e-07
1.134500000000000182e+04 6.192807082188053901e-07
1.144700000000000182e+04 6.193791486075404276e-07
1.210700000000000000e+04 6.194775889962755711e-07
1.175300000000000182e+04 6.195760293850106087e-07
1.166300000000000182e+04 6.196744697737456462e-07
1.147200000000000000e+04 6.197729101624807897e-07
1.149300000000000182e+04 6.198713505512158272e-07
1.168300000000000000e+04 6.199697909399509707e-07
1.191500000000000182e+04 6.200682313286860082e-07
1.155100000000000182e+04 6.201666717174211517e-07
1.098800000000000182e+04 6.202651121061561893e-07
1.161000000000000182e+04 6.203635524948913327e-07
1.156300000000000000e+04 6.204619928836263703e-07
1.191600000000000000e+04 6.205604332723615137e-07
1.130800000000000000e+04 6.206588736610965513e-07
1.178500000000000000e+04 6.207573140498316947e-07
1.155300000000000000e+04 6.208557544385667323e-07
1.097100000000000182e+04 6.209541948273018758e-07
1.074600000000000182e+04 6.210526352160369133e-07
1.142300000000000182e+04 6.211510756047720568e-07
1.192000000000000000e+04 6.212495159935070943e-07
1.247000000000000182e+04 6.213479563822421319e-07
1.175300000000000182e+04 6.214463967709772753e-07
1.207500000000000000e+04 6.215448371597123129e-07
1.180700000000000182e+04 6.216432775484474564e-07
1.108800000000000182e+04 6.217417179371824939e-07
1.166200000000000000e+04 6.218401583259176374e-07
9.725000000000001819e+03 6.219385987146526749e-07
9.974000000000001819e+03 6.220370391033878184e-07
1.066600000000000182e+04 6.221354794921228560e-07
1.092500000000000000e+04 6.222339198808579994e-07
1.147000000000000182e+04 6.223323602695930370e-07
1.159700000000000182e+04 6.224308006583281804e-07
1.236700000000000182e+04 6.225292410470632180e-07
1.127000000000000182e+04 6.226276814357983614e-07
1.112000000000000182e+04 6.227261218245333990e-07
1.170200000000000182e+04 6.228245622132685424e-07
1.128000000000000182e+04 6.229230026020035800e-07
1.180300000000000182e+04 6.230214429907386176e-07
1.100700000000000182e+04 6.231198833794737610e-07
1.138500000000000000e+04 6.232183237682087986e-07
1.057200000000000000e+04 6.233167641569439420e-07
1.099700000000000000e+04 6.234152045456789796e-07
1.099600000000000000e+04 6.235136449344141231e-07
1.089800000000000000e+04 6.236120853231491606e-07
1.087700000000000182e+04 6.237105257118843041e-07
1.135500000000000182e+04 6.238089661006193416e-07
1.141300000000000182e+04 6.239074064893544851e-07
1.062700000000000182e+04 6.240058468780895226e-07
1.152200000000000182e+04 6.241042872668246661e-07
1.129600000000000182e+04 6.242027276555597037e-07
1.121400000000000182e+04 6.243011680442948471e-07
1.025800000000000182e+04 6.243996084330298847e-07
1.054800000000000000e+04 6.244980488217650281e-07
1.088700000000000182e+04 6.245964892105000657e-07
1.124000000000000000e+04 6.246949295992351033e-07
1.043200000000000000e+04 6.247933699879702467e-07
1.070900000000000000e+04 6.248918103767052843e-07
1.162300000000000000e+04 6.249902507654404277e-07
1.028400000000000182e+04 6.250886911541754653e-07
1.107900000000000182e+04 6.251871315429106087e-07
1.052300000000000000e+04 6.252855719316456463e-07
1.138300000000000000e+04 6.253840123203807897e-07
1.107900000000000000e+04 6.254824527091158273e-07
1.081400000000000000e+04 6.255808930978509708e-07
1.043700000000000000e+04 6.256793334865860083e-07
1.110400000000000000e+04 6.257777738753211518e-07
1.074200000000000000e+04 6.258762142640561893e-07
1.092500000000000182e+04 6.259746546527913328e-07
1.090100000000000182e+04 6.260730950415263704e-07
1.098400000000000000e+04 6.261715354302615138e-07
1.163900000000000000e+04 6.262699758189965514e-07
1.128100000000000000e+04 6.263684162077316948e-07
1.055500000000000182e+04 6.264668565964667324e-07
1.069800000000000182e+04 6.265652969852017699e-07
1.028000000000000000e+04 6.266637373739369134e-07
1.042700000000000182e+04 6.267621777626719510e-07
1.056200000000000000e+04 6.268606181514070944e-07
1.108600000000000000e+04 6.269590585401421320e-07
1.062000000000000182e+04 6.270574989288772754e-07
1.091700000000000182e+04 6.271559393176123130e-07
1.054800000000000000e+04 6.272543797063474564e-07
1.054000000000000182e+04 6.273528200950824940e-07
1.052800000000000182e+04 6.274512604838176374e-07
9.949000000000001819e+03 6.275497008725526750e-07
9.864000000000001819e+03 6.276481412612878185e-07
9.489000000000000000e+03 6.277465816500228560e-07
9.774000000000000000e+03 6.278450220387579995e-07
9.311000000000001819e+03 6.279434624274930370e-07
9.650000000000001819e+03 6.280419028162281805e-07
9.538000000000001819e+03 6.281403432049632181e-07
1.037100000000000182e+04 6.282387835936982556e-07
1.036600000000000182e+04 6.283372239824333991e-07
1.036600000000000182e+04 6.284356643711684366e-07
1.053200000000000000e+04 6.285341047599035801e-07
1.072100000000000000e+04 6.286325451486386177e-07
1.009500000000000182e+04 6.287309855373737611e-07
1.001700000000000182e+04 6.288294259261087987e-07
1.035800000000000000e+04 6.289278663148439421e-07
1.026600000000000182e+04 6.290263067035789797e-07
1.028000000000000182e+04 6.291247470923141231e-07
9.753000000000001819e+03 6.292231874810491607e-07
1.115500000000000182e+04 6.293216278697843041e-07
1.017000000000000000e+04 6.294200682585193417e-07
1.022200000000000000e+04 6.295185086472544852e-07
1.020500000000000000e+04 6.296169490359895227e-07
9.867000000000000000e+03 6.297153894247246662e-07
1.088600000000000000e+04 6.298138298134597037e-07
1.008300000000000000e+04 6.299122702021947413e-07
9.381000000000001819e+03 6.300107105909298848e-07
1.033100000000000000e+04 6.301091509796649223e-07
1.021300000000000182e+04 6.302075913684000658e-07
1.059600000000000182e+04 6.303060317571351033e-07
1.066800000000000182e+04 6.304044721458702468e-07
1.008800000000000182e+04 6.305029125346052843e-07
1.016200000000000000e+04 6.306013529233404278e-07
1.030300000000000182e+04 6.306997933120754654e-07
1.069300000000000182e+04 6.307982337008106088e-07
1.003700000000000000e+04 6.308966740895456464e-07
1.039500000000000000e+04 6.309951144782807898e-07
9.969000000000000000e+03 6.310935548670158274e-07
1.057300000000000000e+04 6.311919952557509708e-07
1.019300000000000182e+04 6.312904356444860084e-07
1.046700000000000182e+04 6.313888760332211518e-07
1.064900000000000000e+04 6.314873164219561894e-07
1.020600000000000182e+04 6.315857568106912270e-07
1.007100000000000182e+04 6.316841971994263704e-07
1.053200000000000182e+04 6.317826375881614080e-07
1.052500000000000000e+04 6.318810779768965514e-07
9.898000000000001819e+03 6.319795183656315890e-07
1.083000000000000000e+04 6.320779587543667325e-07
1.120400000000000000e+04 6.321763991431017700e-07
1.060700000000000182e+04 6.322748395318369135e-07
1.098600000000000182e+04 6.323732799205719510e-07
1.034300000000000000e+04 6.324717203093070945e-07
1.114100000000000182e+04 6.325701606980421321e-07
1.059300000000000182e+04 6.326686010867772755e-07
1.048200000000000182e+04 6.327670414755123131e-07
1.026500000000000182e+04 6.328654818642474565e-07
1.107500000000000000e+04 6.329639222529824941e-07
1.045100000000000182e+04 6.330623626417176375e-07
1.035200000000000182e+04 6.331608030304526751e-07
1.119000000000000000e+04 6.332592434191877127e-07
1.108600000000000182e+04 6.333576838079228561e-07
1.081600000000000182e+04 6.334561241966578937e-07
1.063600000000000182e+04 6.335545645853930371e-07
1.055000000000000182e+04 6.336530049741280747e-07
1.102700000000000000e+04 6.337514453628632181e-07
1.124000000000000182e+04 6.338498857515982557e-07
1.036900000000000182e+04 6.339483261403333991e-07
1.044100000000000182e+04 6.340467665290684367e-07
1.115300000000000000e+04 6.341452069178035802e-07
1.090600000000000182e+04 6.342436473065386177e-07
1.111900000000000182e+04 6.343420876952737612e-07
1.075100000000000182e+04 6.344405280840087987e-07
1.011600000000000000e+04 6.345389684727439422e-07
1.096900000000000000e+04 6.346374088614789798e-07
1.069400000000000182e+04 6.347358492502141232e-07
1.022700000000000182e+04 6.348342896389491608e-07
1.061900000000000000e+04 6.349327300276841983e-07
1.050000000000000000e+04 6.350311704164193418e-07
1.085200000000000182e+04 6.351296108051543794e-07
1.077300000000000182e+04 6.352280511938895228e-07
1.152500000000000182e+04 6.353264915826245604e-07
1.036300000000000000e+04 6.354249319713597038e-07
1.065900000000000182e+04 6.355233723600947414e-07
1.097400000000000182e+04 6.356218127488298848e-07
1.099200000000000182e+04 6.357202531375649224e-07
1.111400000000000000e+04 6.358186935263000658e-07
1.129100000000000000e+04 6.359171339150351034e-07
1.068200000000000182e+04 6.360155743037702469e-07
1.115100000000000182e+04 6.361140146925052844e-07
1.129200000000000000e+04 6.362124550812404279e-07
1.144500000000000000e+04 6.363108954699754654e-07
1.089100000000000000e+04 6.364093358587106089e-07
1.123400000000000000e+04 6.365077762474456464e-07
1.114400000000000182e+04 6.366062166361807899e-07
1.115800000000000182e+04 6.367046570249158275e-07
1.068000000000000000e+04 6.368030974136508650e-07
1.176900000000000182e+04 6.369015378023860085e-07
1.140900000000000000e+04 6.369999781911210460e-07
1.051800000000000182e+04 6.370984185798561895e-07
1.124800000000000000e+04 6.371968589685912271e-07
1.125100000000000182e+04 6.372952993573263705e-07
1.094600000000000182e+04 6.373937397460614081e-07
1.123500000000000182e+04 6.374921801347965515e-07
1.126100000000000182e+04 6.375906205235315891e-07
1.160800000000000182e+04 6.376890609122667325e-07
1.052300000000000182e+04 6.377875013010017701e-07
1.130500000000000182e+04 6.378859416897369135e-07
1.108300000000000000e+04 6.379843820784719511e-07
1.082300000000000000e+04 6.380828224672070946e-07
1.083600000000000182e+04 6.381812628559421321e-07
1.123700000000000000e+04 6.382797032446772756e-07
1.149100000000000182e+04 6.383781436334123131e-07
1.091500000000000000e+04 6.384765840221473507e-07
1.096000000000000000e+04 6.385750244108824942e-07
1.091400000000000182e+04 6.386734647996175317e-07
1.153300000000000182e+04 6.387719051883526752e-07
1.055700000000000182e+04 6.388703455770877127e-07
1.145600000000000000e+04 6.389687859658228562e-07
1.098700000000000000e+04 6.390672263545578937e-07
1.140300000000000000e+04 6.391656667432930372e-07
1.109200000000000182e+04 6.392641071320280748e-07
1.116700000000000000e+04 6.393625475207632182e-07
1.124200000000000000e+04 6.394609879094982558e-07
1.054400000000000000e+04 6.395594282982333992e-07
1.101900000000000182e+04 6.396578686869684368e-07
1.014200000000000182e+04 6.397563090757035802e-07
1.106400000000000182e+04 6.398547494644386178e-07
1.044600000000000182e+04 6.399531898531737613e-07
1.074400000000000182e+04 6.400516302419087988e-07
1.145700000000000000e+04 6.401500706306438364e-07
1.075400000000000182e+04 6.402485110193789798e-07
1.087300000000000182e+04 6.403469514081140174e-07
1.069400000000000182e+04 6.404453917968491608e-07
1.062800000000000182e+04 6.405438321855841984e-07
1.037500000000000182e+04 6.406422725743193419e-07
1.100900000000000182e+04 6.407407129630543794e-07
1.042100000000000000e+04 6.408391533517895229e-07
1.034400000000000000e+04 6.409375937405245604e-07
1.074300000000000182e+04 6.410360341292597039e-07
1.039000000000000000e+04 6.411344745179947415e-07
1.107800000000000182e+04 6.412329149067298849e-07
1.086000000000000000e+04 6.413313552954649225e-07
1.043000000000000182e+04 6.414297956842000659e-07
8.538000000000000000e+03 6.415282360729351035e-07
8.839000000000000000e+03 6.416266764616702469e-07
9.950000000000001819e+03 6.417251168504052845e-07
1.099400000000000182e+04 6.418235572391404279e-07
1.110800000000000182e+04 6.419219976278754655e-07
1.053600000000000000e+04 6.420204380166105031e-07
1.088300000000000182e+04 6.421188784053456465e-07
1.090800000000000000e+04 6.422173187940806841e-07
1.020300000000000182e+04 6.423157591828158275e-07
1.040600000000000182e+04 6.424141995715508651e-07
1.145300000000000182e+04 6.425126399602860086e-07
1.091700000000000182e+04 6.426110803490210461e-07
1.108800000000000000e+04 6.427095207377561896e-07
1.094000000000000000e+04 6.428079611264912271e-07
1.027500000000000182e+04 6.429064015152263706e-07
1.132500000000000000e+04 6.430048419039614081e-07
9.251000000000001819e+03 6.431032822926965516e-07
1.017600000000000000e+04 6.432017226814315892e-07
1.038700000000000000e+04 6.433001630701667326e-07
1.029600000000000182e+04 6.433986034589017702e-07
9.911000000000000000e+03 6.434970438476369136e-07
1.064200000000000182e+04 6.435954842363719512e-07
1.042400000000000182e+04 6.436939246251069888e-07
1.050500000000000182e+04 6.437923650138421322e-07
1.040200000000000000e+04 6.438908054025771698e-07
1.106400000000000182e+04 6.439892457913123132e-07
1.046900000000000182e+04 6.440876861800473508e-07
1.048600000000000000e+04 6.441861265687824942e-07
1.045100000000000182e+04 6.442845669575175318e-07
1.081000000000000000e+04 6.443830073462526752e-07
1.019100000000000182e+04 6.444814477349877128e-07
9.919000000000001819e+03 6.445798881237228563e-07
1.096500000000000000e+04 6.446783285124578938e-07
1.005800000000000182e+04 6.447767689011930373e-07
9.996000000000001819e+03 6.448752092899280748e-07
9.845000000000000000e+03 6.449736496786632183e-07
1.104200000000000182e+04 6.450720900673982559e-07
9.497000000000000000e+03 6.451705304561333993e-07
1.001500000000000000e+04 6.452689708448684369e-07
9.979000000000000000e+03 6.453674112336034744e-07
1.000800000000000182e+04 6.454658516223386179e-07
1.015900000000000182e+04 6.455642920110736554e-07
9.795000000000001819e+03 6.456627323998087989e-07
1.038100000000000000e+04 6.457611727885438365e-07
1.013800000000000000e+04 6.458596131772789799e-07
9.750000000000001819e+03 6.459580535660140175e-07
9.756000000000000000e+03 6.460564939547491609e-07
1.023000000000000000e+04 6.461549343434841985e-07
1.042800000000000000e+04 6.462533747322193419e-07
1.028200000000000000e+04 6.463518151209543795e-07
1.006300000000000182e+04 6.464502555096895229e-07
1.049500000000000182e+04 6.465486958984245605e-07
1.025700000000000182e+04 6.466471362871597040e-07
1.001000000000000000e+04 6.467455766758947415e-07
1.066100000000000182e+04 6.468440170646298850e-07
9.885000000000000000e+03 6.469424574533649225e-07
9.755000000000000000e+03 6.470408978420999601e-07
9.246000000000001819e+03 6.471393382308351036e-07
9.654000000000001819e+03 6.472377786195701411e-07
9.735000000000001819e+03 6.473362190083052846e-07
1.017800000000000000e+04 6.474346593970403221e-07
9.157000000000001819e+03 6.475330997857754656e-07
9.185000000000001819e+03 6.476315401745105032e-07
1.010800000000000000e+04 6.477299805632456466e-07
1.007000000000000182e+04 6.478284209519806842e-07
9.805000000000000000e+03 6.479268613407158276e-07
9.043000000000001819e+03 6.480253017294508652e-07
9.231000000000001819e+03 6.481237421181860086e-07
1.004300000000000182e+04 6.482221825069210462e-07
9.990000000000001819e+03 6.483206228956561896e-07
9.228000000000001819e+03 6.484190632843912272e-07
9.178000000000000000e+03 6.485175036731263707e-07
9.677000000000001819e+03 6.486159440618614082e-07
9.355000000000000000e+03 6.487143844505964458e-07
9.797000000000001819e+03 6.488128248393315892e-07
9.711000000000001819e+03 6.489112652280666268e-07
9.888000000000001819e+03 6.490097056168017703e-07
1.021200000000000182e+04 6.491081460055368078e-07
9.251000000000001819e+03 6.492065863942719513e-07
1.014100000000000000e+04 6.493050267830069888e-07
9.587000000000000000e+03 6.494034671717421323e-07
9.700000000000001819e+03 6.495019075604771698e-07
9.806000000000001819e+03 6.496003479492123133e-07
1.046900000000000182e+04 6.496987883379473509e-07
9.594000000000000000e+03 6.497972287266824943e-07
8.386000000000000000e+03 6.498956691154175319e-07
5.659000000000000909e+03 6.499941095041526753e-07
7.528000000000000909e+03 6.500925498928877129e-07
1.015100000000000182e+04 6.501909902816228563e-07
1.030300000000000182e+04 6.502894306703578939e-07
9.906000000000001819e+03 6.503878710590929315e-07
9.901000000000001819e+03 6.504863114478280749e-07
1.017100000000000000e+04 6.505847518365631125e-07
1.011500000000000182e+04 6.506831922252982559e-07
9.707000000000001819e+03 6.507816326140332935e-07
1.002900000000000182e+04 6.508800730027684369e-07
9.869000000000000000e+03 6.509785133915034745e-07
1.004200000000000000e+04 6.510769537802386180e-07
1.011900000000000182e+04 6.511753941689736555e-07
9.527000000000001819e+03 6.512738345577087990e-07
9.272000000000001819e+03 6.513722749464438365e-07
9.371000000000000000e+03 6.514707153351789800e-07
9.151000000000001819e+03 6.515691557239140176e-07
8.929000000000000000e+03 6.516675961126491610e-07
9.365000000000001819e+03 6.517660365013841986e-07
8.942000000000001819e+03 6.518644768901193420e-07
9.760000000000000000e+03 6.519629172788543796e-07
9.670000000000000000e+03 6.520613576675894171e-07
9.488000000000001819e+03 6.521597980563245606e-07
1.002200000000000182e+04 6.522582384450595982e-07
1.035300000000000182e+04 6.523566788337947416e-07
1.042200000000000182e+04 6.524551192225297792e-07
9.752000000000000000e+03 6.525535596112649226e-07
1.010000000000000000e+04 6.526519999999999602e-07
9.998000000000001819e+03 6.527504403887351036e-07
1.009900000000000000e+04 6.528488807774701412e-07
9.854000000000001819e+03 6.529473211662052846e-07
9.184000000000000000e+03 6.530457615549403222e-07
1.032200000000000182e+04 6.531442019436754657e-07
9.835000000000001819e+03 6.532426423324105032e-07
1.007200000000000182e+04 6.533410827211456467e-07
9.740000000000001819e+03 6.534395231098806842e-07
9.610000000000001819e+03 6.535379634986158277e-07
9.844000000000000000e+03 6.536364038873508653e-07
9.838000000000001819e+03 6.537348442760859028e-07
9.793000000000001819e+03 6.538332846648210463e-07
9.698000000000000000e+03 6.539317250535560838e-07
1.010900000000000000e+04 6.540301654422912273e-07
9.265000000000000000e+03 6.541286058310262649e-07
8.563000000000001819e+03 6.542270462197614083e-07
9.448000000000000000e+03 6.543254866084964459e-07
8.864000000000001819e+03 6.544239269972315893e-07
9.023000000000001819e+03 6.545223673859666269e-07
8.396000000000001819e+03 6.546208077747017703e-07
8.948000000000001819e+03 6.547192481634368079e-07
8.899000000000000000e+03 6.548176885521719513e-07
8.578000000000001819e+03 6.549161289409069889e-07
8.673000000000001819e+03 6.550145693296421324e-07
8.840000000000001819e+03 6.551130097183771699e-07
7.548000000000000909e+03 6.552114501071123134e-07
7.545000000000000000e+03 6.553098904958473509e-07
7.911000000000000000e+03 6.554083308845824944e-07
7.858000000000000000e+03 6.555067712733175319e-07
6.920000000000000000e+03 6.556052116620526754e-07
6.621000000000000909e+03 6.557036520507877130e-07
7.388000000000000909e+03 6.558020924395227505e-07
6.192000000000000909e+03 6.559005328282578940e-07
6.493000000000000909e+03 6.559989732169929315e-07
5.506000000000000909e+03 6.560974136057280750e-07
5.247000000000000909e+03 6.561958539944631126e-07
5.168000000000000909e+03 6.562942943831982560e-07
5.237000000000000000e+03 6.563927347719332936e-07
4.785000000000000909e+03 6.564911751606684370e-07
5.343000000000000909e+03 6.565896155494034746e-07
5.022000000000000909e+03 6.566880559381386180e-07
6.612000000000000909e+03 6.567864963268736556e-07
6.328000000000000909e+03 6.568849367156087990e-07
6.618000000000000909e+03 6.569833771043438366e-07
6.676000000000000909e+03 6.570818174930789801e-07
7.729000000000000000e+03 6.571802578818140176e-07
7.559000000000000000e+03 6.572786982705491611e-07
8.016000000000001819e+03 6.573771386592841986e-07
8.210000000000000000e+03 6.574755790480192362e-07
8.513000000000001819e+03 6.575740194367543797e-07
7.320000000000000909e+03 6.576724598254894172e-07
8.539000000000001819e+03 6.577709002142245607e-07
8.802000000000001819e+03 6.578693406029595982e-07
8.356000000000000000e+03 6.579677809916947417e-07
9.084000000000001819e+03 6.580662213804297792e-07
8.844000000000001819e+03 6.581646617691649227e-07
9.094000000000000000e+03 6.582631021578999603e-07
8.701000000000001819e+03 6.583615425466351037e-07
9.519000000000001819e+03 6.584599829353701413e-07
8.789000000000001819e+03 6.585584233241052847e-07
9.114000000000001819e+03 6.586568637128403223e-07
9.697000000000001819e+03 6.587553041015754657e-07
9.387000000000001819e+03 6.588537444903105033e-07
9.297000000000001819e+03 6.589521848790456468e-07
1.012500000000000000e+04 6.590506252677806843e-07
9.740000000000001819e+03 6.591490656565157219e-07
9.796000000000001819e+03 6.592475060452508653e-07
9.319000000000001819e+03 6.593459464339859029e-07
9.575000000000000000e+03 6.594443868227210463e-07
9.682000000000000000e+03 6.595428272114560839e-07
9.631000000000001819e+03 6.596412676001912274e-07
8.984000000000000000e+03 6.597397079889262649e-07
9.590000000000000000e+03 6.598381483776614084e-07
9.899000000000001819e+03 6.599365887663964459e-07
9.503000000000001819e+03 6.600350291551315894e-07
9.680000000000001819e+03 6.601334695438666270e-07
9.705000000000001819e+03 6.602319099326017704e-07
9.644000000000001819e+03 6.603303503213368080e-07
9.462000000000001819e+03 6.604287907100719514e-07
9.411000000000000000e+03 6.605272310988069890e-07
1.036500000000000000e+04 6.606256714875421324e-07
9.757000000000001819e+03 6.607241118762771700e-07
1.040300000000000000e+04 6.608225522650122076e-07
9.750000000000001819e+03 6.609209926537473510e-07
9.888000000000000000e+03 6.610194330424823886e-07
9.795000000000001819e+03 6.611178734312175320e-07
1.036200000000000182e+04 6.612163138199525696e-07
9.943000000000001819e+03 6.613147542086877130e-07
1.061700000000000000e+04 6.614131945974227506e-07
1.017600000000000000e+04 6.615116349861578941e-07
9.703000000000000000e+03 6.616100753748929316e-07
9.684000000000001819e+03 6.617085157636280751e-07
1.018600000000000000e+04 6.618069561523631126e-07
1.001900000000000000e+04 6.619053965410982561e-07
9.486000000000000000e+03 6.620038369298332936e-07
9.874000000000001819e+03 6.621022773185684371e-07
1.013500000000000000e+04 6.622007177073034747e-07
1.024200000000000182e+04 6.622991580960386181e-07
9.536000000000001819e+03 6.623975984847736557e-07
1.022100000000000000e+04 6.624960388735086932e-07
1.008600000000000182e+04 6.625944792622438367e-07
9.796000000000001819e+03 6.626929196509788743e-07
9.997000000000000000e+03 6.627913600397140177e-07
1.036900000000000182e+04 6.628898004284490553e-07
9.128000000000000000e+03 6.629882408171841987e-07
9.285000000000001819e+03 6.630866812059192363e-07
9.941000000000001819e+03 6.631851215946543797e-07
9.914000000000000000e+03 6.632835619833894173e-07
9.476000000000001819e+03 6.633820023721245607e-07
1.016700000000000000e+04 6.634804427608595983e-07
9.398000000000000000e+03 6.635788831495947418e-07
9.904000000000000000e+03 6.636773235383297793e-07
9.686000000000001819e+03 6.637757639270649228e-07
9.925000000000001819e+03 6.638742043157999603e-07
9.438000000000000000e+03 6.639726447045351038e-07
9.840000000000001819e+03 6.640710850932701414e-07
9.780000000000001819e+03 6.641695254820051789e-07
1.011000000000000182e+04 6.642679658707403224e-07
9.748000000000001819e+03 6.643664062594753599e-07
9.602000000000001819e+03 6.644648466482105034e-07
9.320000000000001819e+03 6.645632870369455409e-07
8.950000000000000000e+03 6.646617274256806844e-07
9.954000000000000000e+03 6.647601678144157220e-07
9.704000000000001819e+03 6.648586082031508654e-07
9.556000000000000000e+03 6.649570485918859030e-07
8.965000000000001819e+03 6.650554889806210464e-07
9.880000000000000000e+03 6.651539293693560840e-07
1.002600000000000182e+04 6.652523697580912274e-07
9.702000000000001819e+03 6.653508101468262650e-07
1.019000000000000182e+04 6.654492505355614084e-07
9.619000000000001819e+03 6.655476909242964460e-07
9.338000000000000000e+03 6.656461313130315895e-07
9.892000000000000000e+03 6.657445717017666270e-07
9.210000000000000000e+03 6.658430120905016646e-07
9.435000000000001819e+03 6.659414524792368080e-07
9.947000000000000000e+03 6.660398928679718456e-07
1.041400000000000000e+04 6.661383332567069891e-07
9.750000000000001819e+03 6.662367736454420266e-07
1.022500000000000000e+04 6.663352140341771701e-07
9.750000000000000000e+03 6.664336544229122076e-07
9.764000000000000000e+03 6.665320948116473511e-07
9.674000000000000000e+03 6.666305352003823887e-07
9.622000000000000000e+03 6.667289755891175321e-07
9.236000000000001819e+03 6.668274159778525697e-07
1.046600000000000182e+04 6.669258563665877131e-07
9.912000000000001819e+03 6.670242967553227507e-07
9.864000000000000000e+03 6.671227371440578941e-07
9.559000000000001819e+03 6.672211775327929317e-07
9.656000000000000000e+03 6.673196179215280751e-07
1.009200000000000000e+04 6.674180583102631127e-07
9.531000000000000000e+03 6.675164986989981503e-07
1.004200000000000000e+04 6.676149390877332937e-07
9.327000000000001819e+03 6.677133794764683313e-07
9.468000000000001819e+03 6.678118198652034747e-07
1.023400000000000182e+04 6.679102602539385123e-07
9.505000000000001819e+03 6.680087006426736558e-07
9.727000000000001819e+03 6.681071410314086933e-07
1.060500000000000182e+04 6.682055814201438368e-07
9.352000000000000000e+03 6.683040218088788743e-07
9.755000000000001819e+03 6.684024621976140178e-07
1.022000000000000000e+04 6.685009025863490553e-07
9.776000000000001819e+03 6.685993429750841988e-07
1.022000000000000000e+04 6.686977833638192364e-07
1.009500000000000000e+04 6.687962237525543798e-07
1.044200000000000182e+04 6.688946641412894174e-07
9.652000000000001819e+03 6.689931045300245608e-07
8.968000000000001819e+03 6.690915449187595984e-07
1.017400000000000000e+04 6.691899853074946360e-07
1.045600000000000000e+04 6.692884256962297794e-07
9.455000000000001819e+03 6.693868660849648170e-07
9.932000000000001819e+03 6.694853064736999604e-07
1.034200000000000182e+04 6.695837468624349980e-07
9.338000000000001819e+03 6.696821872511701414e-07
9.388000000000000000e+03 6.697806276399051790e-07
9.859000000000001819e+03 6.698790680286403224e-07
9.711000000000001819e+03 6.699775084173753600e-07
1.088200000000000000e+04 6.700759488061105035e-07
1.026800000000000182e+04 6.701743891948455410e-07
9.829000000000000000e+03 6.702728295835806845e-07
9.673000000000001819e+03 6.703712699723157220e-07
9.509000000000001819e+03 6.704697103610508655e-07
1.025600000000000182e+04 6.705681507497859031e-07
1.012300000000000000e+04 6.706665911385210465e-07
9.970000000000001819e+03 6.707650315272560841e-07
9.857000000000000000e+03 6.708634719159912275e-07
9.207000000000001819e+03 6.709619123047262651e-07
9.864000000000001819e+03 6.710603526934614085e-07
9.688000000000001819e+03 6.711587930821964461e-07
9.859000000000000000e+03 6.712572334709314837e-07
1.005200000000000182e+04 6.713556738596666271e-07
9.732000000000001819e+03 6.714541142484016647e-07
1.011500000000000000e+04 6.715525546371368081e-07
1.080800000000000000e+04 6.716509950258718457e-07
1.019800000000000000e+04 6.717494354146069891e-07
9.791000000000000000e+03 6.718478758033420267e-07
9.700000000000000000e+03 6.719463161920771701e-07
9.147000000000001819e+03 6.720447565808122077e-07
1.006900000000000182e+04 6.721431969695473512e-07
9.858000000000001819e+03 6.722416373582823887e-07
1.009300000000000182e+04 6.723400777470175322e-07
9.850000000000000000e+03 6.724385181357525697e-07
1.008500000000000000e+04 6.725369585244877132e-07
1.045300000000000182e+04 6.726353989132227508e-07
1.029500000000000182e+04 6.727338393019578942e-07
9.464000000000001819e+03 6.728322796906929318e-07
9.683000000000001819e+03 6.729307200794279693e-07
9.781000000000001819e+03 6.730291604681631128e-07
9.802000000000000000e+03 6.731276008568981504e-07
1.004000000000000000e+04 6.732260412456332938e-07
9.983000000000000000e+03 6.733244816343683314e-07
9.972000000000000000e+03 6.734229220231034748e-07
1.019200000000000182e+04 6.735213624118385124e-07
1.034000000000000182e+04 6.736198028005736558e-07
1.013200000000000000e+04 6.737182431893086934e-07
9.538000000000001819e+03 6.738166835780438368e-07
1.019800000000000000e+04 6.739151239667788744e-07
1.033000000000000000e+04 6.740135643555140179e-07
9.930000000000001819e+03 6.741120047442490554e-07
9.889000000000001819e+03 6.742104451329840930e-07
9.946000000000000000e+03 6.743088855217192364e-07
1.020800000000000182e+04 6.744073259104543799e-07
9.918000000000001819e+03 6.745057662991894174e-07
9.987000000000001819e+03 6.746042066879244550e-07
1.008700000000000000e+04 6.747026470766595985e-07
1.053800000000000000e+04 6.748010874653946360e-07
1.032900000000000000e+04 6.748995278541297795e-07
9.589000000000000000e+03 6.749979682428648170e-07
1.038200000000000182e+04 6.750964086315999605e-07
1.055200000000000182e+04 6.751948490203349981e-07
1.022800000000000000e+04 6.752932894090701415e-07
1.015300000000000182e+04 6.753917297978051791e-07
9.322000000000001819e+03 6.754901701865403225e-07
9.978000000000001819e+03 6.755886105752753601e-07
9.726000000000000000e+03 6.756870509640105035e-07
1.028500000000000182e+04 6.757854913527455411e-07
1.027000000000000000e+04 6.758839317414806845e-07
9.852000000000001819e+03 6.759823721302157221e-07
9.870000000000001819e+03 6.760808125189508656e-07
1.013000000000000000e+04 6.761792529076859031e-07
1.012000000000000182e+04 6.762776932964209407e-07
1.029100000000000182e+04 6.763761336851560841e-07
1.105400000000000182e+04 6.764745740738911217e-07
1.056000000000000182e+04 6.765730144626262652e-07
9.581000000000000000e+03 6.766714548513613027e-07
9.959000000000000000e+03 6.767698952400964462e-07
1.034100000000000182e+04 6.768683356288314837e-07
1.005400000000000182e+04 6.769667760175666272e-07
9.528000000000001819e+03 6.770652164063016647e-07
9.682000000000001819e+03 6.771636567950368082e-07
9.746000000000001819e+03 6.772620971837718458e-07
9.423000000000000000e+03 6.773605375725069892e-07
9.747000000000001819e+03 6.774589779612420268e-07
9.795000000000001819e+03 6.775574183499771702e-07
9.672000000000001819e+03 6.776558587387122078e-07
9.932000000000000000e+03 6.777542991274473512e-07
9.477000000000001819e+03 6.778527395161823888e-07
9.213000000000001819e+03 6.779511799049174264e-07
9.684000000000001819e+03 6.780496202936525698e-07
9.500000000000001819e+03 6.781480606823876074e-07
9.503000000000000000e+03 6.782465010711227508e-07
9.344000000000001819e+03 6.783449414598577884e-07
9.566000000000000000e+03 6.784433818485929318e-07
9.879000000000000000e+03 6.785418222373279694e-07
1.008800000000000000e+04 6.786402626260631129e-07
9.296000000000001819e+03 6.787387030147981504e-07
1.041000000000000182e+04 6.788371434035332939e-07
9.627000000000000000e+03 6.789355837922683314e-07
9.035000000000001819e+03 6.790340241810034749e-07
9.349000000000000000e+03 6.791324645697385125e-07
9.957000000000000000e+03 6.792309049584736559e-07
8.765000000000001819e+03 6.793293453472086935e-07
9.748000000000001819e+03 6.794277857359438369e-07
1.326100000000000182e+04 6.795262261246788745e-07
1.047700000000000182e+04 6.796246665134139120e-07
9.127000000000000000e+03 6.797231069021490555e-07
9.119000000000001819e+03 6.798215472908840931e-07
9.097000000000001819e+03 6.799199876796192365e-07
9.728000000000000000e+03 6.800184280683542741e-07
8.851000000000001819e+03 6.801168684570894175e-07
9.624000000000000000e+03 6.802153088458244551e-07
9.309000000000000000e+03 6.803137492345595985e-07
8.860000000000001819e+03 6.804121896232946361e-07
9.306000000000001819e+03 6.805106300120297796e-07
9.234000000000000000e+03 6.806090704007648171e-07
8.578000000000001819e+03 6.807075107894999606e-07
9.436000000000000000e+03 6.808059511782349981e-07
9.572000000000000000e+03 6.809043915669701416e-07
9.215000000000001819e+03 6.810028319557051791e-07
9.201000000000000000e+03 6.811012723444403226e-07
9.517000000000000000e+03 6.811997127331753602e-07
9.195000000000001819e+03 6.812981531219103977e-07
9.226000000000001819e+03 6.813965935106455412e-07
9.106000000000001819e+03 6.814950338993805787e-07
9.109000000000000000e+03 6.815934742881157222e-07
8.434000000000001819e+03 6.816919146768507598e-07
9.092000000000000000e+03 6.817903550655859032e-07
8.627000000000000000e+03 6.818887954543209408e-07
9.512000000000000000e+03 6.819872358430560842e-07
9.180000000000001819e+03 6.820856762317911218e-07
8.673000000000000000e+03 6.821841166205262652e-07
8.912000000000001819e+03 6.822825570092613028e-07
8.775000000000000000e+03 6.823809973979964462e-07
8.959000000000001819e+03 6.824794377867314838e-07
9.021000000000001819e+03 6.825778781754666273e-07
8.802000000000000000e+03 6.826763185642016648e-07
9.099000000000000000e+03 6.827747589529368083e-07
8.536000000000001819e+03 6.828731993416718458e-07
8.286000000000001819e+03 6.829716397304068834e-07
9.304000000000001819e+03 6.830700801191420269e-07
8.187000000000001819e+03 6.831685205078771703e-07
9.355000000000001819e+03 6.832669608966122079e-07
8.249000000000000000e+03 6.833654012853472454e-07
8.184000000000000000e+03 6.834638416740823889e-07
9.167000000000000000e+03 6.835622820628174264e-07
9.139000000000001819e+03 6.836607224515525699e-07
8.646000000000001819e+03 6.837591628402876075e-07
8.342000000000001819e+03 6.838576032290227509e-07
8.408000000000001819e+03 6.839560436177577885e-07
8.102000000000000000e+03 6.840544840064929319e-07
8.584000000000000000e+03 6.841529243952279695e-07
8.400000000000000000e+03 6.842513647839631129e-07
8.276000000000000000e+03 6.843498051726981505e-07
9.248000000000000000e+03 6.844482455614332939e-07
8.377000000000000000e+03 6.845466859501683315e-07
8.910000000000001819e+03 6.846451263389033691e-07
9.323000000000000000e+03 6.847435667276385125e-07
8.191000000000001819e+03 6.848420071163736560e-07
8.694000000000001819e+03 6.849404475051086935e-07
8.393000000000000000e+03 6.850388878938437311e-07
8.876000000000000000e+03 6.851373282825788746e-07
8.457000000000000000e+03 6.852357686713139121e-07
8.455000000000001819e+03 6.853342090600490556e-07
8.227000000000001819e+03 6.854326494487840931e-07
8.105000000000001819e+03 6.855310898375192366e-07
8.929000000000000000e+03 6.856295302262542742e-07
8.236000000000001819e+03 6.857279706149894176e-07
8.992000000000000000e+03 6.858264110037244552e-07
8.482000000000001819e+03 6.859248513924595986e-07
8.451000000000001819e+03 6.860232917811946362e-07
8.499000000000001819e+03 6.861217321699297796e-07
8.634000000000000000e+03 6.862201725586648172e-07
8.340000000000000000e+03 6.863186129473998548e-07
8.296000000000000000e+03 6.864170533361349982e-07
7.516000000000000000e+03 6.865154937248701417e-07
6.962000000000000909e+03 6.866139341136051792e-07
6.901000000000000909e+03 6.867123745023402168e-07
5.796000000000000909e+03 6.868108148910753602e-07
5.197000000000000909e+03 6.869092552798103978e-07
5.680000000000000000e+03 6.870076956685455412e-07
5.838000000000000909e+03 6.871061360572805788e-07
5.110000000000000909e+03 6.872045764460157223e-07
5.351000000000000909e+03 6.873030168347507598e-07
4.659000000000000000e+03 6.874014572234859033e-07
5.580000000000000909e+03 6.874998976122209408e-07
5.209000000000000909e+03 6.875983380009560843e-07
5.768000000000000909e+03 6.876967783896911219e-07
6.456000000000000909e+03 6.877952187784262653e-07
6.725000000000000909e+03 6.878936591671613029e-07
7.825000000000000909e+03 6.879920995558963404e-07
7.587000000000000909e+03 6.880905399446314839e-07
7.363000000000000909e+03 6.881889803333666273e-07
8.149000000000000000e+03 6.882874207221016649e-07
7.070000000000000909e+03 6.883858611108367025e-07
7.217000000000000909e+03 6.884843014995718459e-07
7.789000000000000909e+03 6.885827418883068835e-07
7.284000000000000909e+03 6.886811822770420269e-07
6.912000000000000909e+03 6.887796226657770645e-07
6.003000000000000909e+03 6.888780630545122079e-07
6.820000000000000909e+03 6.889765034432472455e-07
6.501000000000000909e+03 6.890749438319823890e-07
7.313000000000000909e+03 6.891733842207174265e-07
7.600000000000000000e+03 6.892718246094525700e-07
7.431000000000000909e+03 6.893702649981876075e-07
7.505000000000000000e+03 6.894687053869227510e-07
7.825000000000000000e+03 6.895671457756577886e-07
